chunk_index,start_byte,timestamp_ms,formatted_time,lat,lon,accuracy_m
1,262144,1769570394611,22:19:54.611,42.3448023,-71.0825832,16.659
2,524288,1769570394771,22:19:54.771,42.3448023,-71.0825832,16.659
3,786432,1769570395063,22:19:55.063,42.3448023,-71.0825832,16.659
4,1048576,1769570395414,22:19:55.414,42.3448023,-71.0825832,16.659
5,1310720,1769570395764,22:19:55.764,42.3448023,-71.0825832,16.659
6,1572864,1769570396114,22:19:56.114,42.3448023,-71.0825832,16.659
7,1835008,1769570396573,22:19:56.573,42.3448023,-71.0825832,16.659
8,2097152,1769570397029,22:19:57.029,42.3448023,-71.0825832,16.659
9,2359296,1769570397458,22:19:57.458,42.3448023,-71.0825832,16.659
10,2621440,1769570398054,22:19:58.054,42.3448023,-71.0825832,16.659
11,2883584,1769570398608,22:19:58.608,42.3448023,-71.0825832,16.659
12,3145728,1769570399088,22:19:59.088,42.3448023,-71.0825832,16.659
13,3407872,1769570399452,22:19:59.452,42.3448023,-71.0825832,16.659
14,3670016,1769570399886,22:19:59.886,42.3448023,-71.0825832,16.659
15,3932160,1769570400403,22:20:00.403,42.3448023,-71.0825832,16.659
16,4194304,1769570400916,22:20:00.916,42.3448023,-71.0825832,16.659
17,4456448,1769570401362,22:20:01.362,42.3448023,-71.0825832,16.659
18,4718592,1769570401937,22:20:01.937,42.3448023,-71.0825832,16.659
19,4980736,1769570402480,22:20:02.480,42.3448023,-71.0825832,16.659
20,5242880,1769570402940,22:20:02.940,42.3448023,-71.0825832,16.659
21,5505024,1769570403401,22:20:03.401,42.3448023,-71.0825832,16.659
22,5767168,1769570403910,22:20:03.910,42.3448023,-71.0825832,16.659
23,6029312,1769570404420,22:20:04.420,42.3448023,-71.0825832,16.659
24,6291456,1769570404948,22:20:04.948,42.3448023,-71.0825832,16.659
25,6553600,1769570405396,22:20:05.396,42.3448023,-71.0825832,16.659
26,6815744,1769570405942,22:20:05.942,42.3448023,-71.0825832,16.659
27,7077888,1769570406616,22:20:06.616,42.3448023,-71.0825832,16.659
28,7340032,1769570407185,22:20:07.185,42.3448023,-71.0825832,16.659
29,7602176,1769570407690,22:20:07.690,42.3448023,-71.0825832,16.659
30,7864320,1769570408247,22:20:08.247,42.3448023,-71.0825832,16.659
31,8126464,1769570408711,22:20:08.711,42.3448023,-71.0825832,16.659
32,8388608,1769570409006,22:20:09.006,42.3448023,-71.0825832,16.659
33,8650752,1769570409360,22:20:09.360,42.3448023,-71.0825832,16.659
34,8912896,1769570409708,22:20:09.708,42.3448023,-71.0825832,16.659
35,9175040,1769570410062,22:20:10.062,42.3448023,-71.0825832,16.659
36,9437184,1769570410435,22:20:10.435,42.3448023,-71.0825832,16.659
37,9699328,1769570410854,22:20:10.854,42.3448023,-71.0825832,16.659
38,9961472,1769570411234,22:20:11.234,42.3448023,-71.0825832,16.659
39,10223616,1769570411578,22:20:11.578,42.3448023,-71.0825832,16.659
40,10485760,1769570411928,22:20:11.928,42.3448023,-71.0825832,16.659
41,10747904,1769570412303,22:20:12.303,42.3448023,-71.0825832,16.659
42,11010048,1769570412653,22:20:12.653,42.3448023,-71.0825832,16.659
43,11272192,1769570413004,22:20:13.004,42.3448023,-71.0825832,16.659
44,11534336,1769570413369,22:20:13.369,42.3448023,-71.0825832,16.659
45,11796480,1769570413712,22:20:13.712,42.3448023,-71.0825832,16.659
46,12058624,1769570414061,22:20:14.061,42.3448023,-71.0825832,16.659
47,12320768,1769570414412,22:20:14.412,42.3448023,-71.0825832,16.659
48,12582912,1769570414763,22:20:14.763,42.3448023,-71.0825832,16.659
49,12845056,1769570415114,22:20:15.114,42.3448023,-71.0825832,16.659
50,13107200,1769570415553,22:20:15.553,42.3448023,-71.0825832,16.659
51,13369344,1769570416033,22:20:16.033,42.3448023,-71.0825832,16.659
52,13631488,1769570416441,22:20:16.441,42.3448023,-71.0825832,16.659
53,13893632,1769570416911,22:20:16.911,42.3448023,-71.0825832,16.659
54,14155776,1769570417330,22:20:17.330,42.3448023,-71.0825832,16.659
55,14417920,1769570417745,22:20:17.745,42.3448023,-71.0825832,16.659
56,14680064,1769570418095,22:20:18.095,42.3448023,-71.0825832,16.659
57,14942208,1769570418482,22:20:18.482,42.3448023,-71.0825832,16.659
58,15204352,1769570418888,22:20:18.888,42.3448023,-71.0825832,16.659
59,15466496,1769570419342,22:20:19.342,42.3448023,-71.0825832,16.659
60,15728640,1769570419777,22:20:19.777,42.3448023,-71.0825832,16.659
61,15990784,1769570420120,22:20:20.120,42.3448023,-71.0825832,16.659
62,16252928,1769570420473,22:20:20.473,42.3448023,-71.0825832,16.659
63,16515072,1769570420824,22:20:20.824,42.3448023,-71.0825832,16.659
64,16777216,1769570421194,22:20:21.194,42.3448023,-71.0825832,16.659
65,17039360,1769570421617,22:20:21.617,42.3448023,-71.0825832,16.659
66,17301504,1769570422049,22:20:22.049,42.3448023,-71.0825832,16.659
67,17563648,1769570422308,22:20:22.308,42.3448023,-71.0825832,16.659
68,17825792,1769570422661,22:20:22.661,42.3448023,-71.0825832,16.659
69,18087936,1769570423076,22:20:23.076,42.3448023,-71.0825832,16.659
70,18350080,1769570423491,22:20:23.491,42.3448023,-71.0825832,16.659
71,18612224,1769570423854,22:20:23.854,42.3448023,-71.0825832,16.659
72,18874368,1769570424193,22:20:24.193,42.3448023,-71.0825832,16.659
73,19136512,1769570424570,22:20:24.570,42.3448023,-71.0825832,16.659
74,19398656,1769570424894,22:20:24.894,42.3448023,-71.0825832,16.659
75,19660800,1769570425243,22:20:25.243,42.3448023,-71.0825832,16.659
76,19922944,1769570425600,22:20:25.600,42.3448023,-71.0825832,16.659
77,20185088,1769570425945,22:20:25.945,42.3448023,-71.0825832,16.659
78,20447232,1769570426324,22:20:26.324,42.3448023,-71.0825832,16.659
79,20709376,1769570426737,22:20:26.737,42.3448023,-71.0825832,16.659
80,20971520,1769570427118,22:20:27.118,42.3448023,-71.0825832,16.659
81,21233664,1769570427453,22:20:27.453,42.3448023,-71.0825832,16.659
82,21495808,1769570427869,22:20:27.869,42.3448023,-71.0825832,16.659
83,21757952,1769570428335,22:20:28.335,42.3448023,-71.0825832,16.659
84,22020096,1769570428840,22:20:28.840,42.3448023,-71.0825832,16.659
85,22282240,1769570429203,22:20:29.203,42.3448023,-71.0825832,16.659
86,22544384,1769570429619,22:20:29.619,42.3448023,-71.0825832,16.659
87,22806528,1769570430140,22:20:30.140,42.3448023,-71.0825832,16.659
88,23068672,1769570430810,22:20:30.810,42.3448023,-71.0825832,16.659
89,23330816,1769570431310,22:20:31.310,42.3448023,-71.0825832,16.659
90,23592960,1769570431660,22:20:31.660,42.3448023,-71.0825832,16.659
91,23855104,1769570432262,22:20:32.262,42.3448023,-71.0825832,16.659
92,24117248,1769570432763,22:20:32.763,42.3448023,-71.0825832,16.659
93,24379392,1769570433334,22:20:33.334,42.3448023,-71.0825832,16.659
94,24641536,1769570433679,22:20:33.679,42.3448023,-71.0825832,16.659
95,24903680,1769570434294,22:20:34.294,42.3448023,-71.0825832,16.659
96,25165824,1769570435002,22:20:35.002,42.3448023,-71.0825832,16.659
97,25427968,1769570435585,22:20:35.585,42.3448023,-71.0825832,16.659
98,25690112,1769570435954,22:20:35.954,42.3448023,-71.0825832,16.659
99,25952256,1769570436854,22:20:36.854,42.3448023,-71.0825832,16.659
100,26214400,1769570437314,22:20:37.314,42.3448023,-71.0825832,16.659
101,26476544,1769570437941,22:20:37.941,42.3448023,-71.0825832,16.659
102,26738688,1769570438796,22:20:38.796,42.3448023,-71.0825832,16.659
103,27000832,1769570439223,22:20:39.223,42.3448023,-71.0825832,16.659
104,27262976,1769570439738,22:20:39.738,42.3448023,-71.0825832,16.659
105,27525120,1769570440340,22:20:40.340,42.3448023,-71.0825832,16.659
106,27787264,1769570440756,22:20:40.756,42.3448023,-71.0825832,16.659
107,28049408,1769570441191,22:20:41.191,42.3448023,-71.0825832,16.659
108,28311552,1769570441544,22:20:41.544,42.3448023,-71.0825832,16.659
109,28573696,1769570441910,22:20:41.910,42.3448023,-71.0825832,16.659
110,28835840,1769570442628,22:20:42.628,42.3448023,-71.0825832,16.659
111,29097984,1769570443313,22:20:43.313,42.3448023,-71.0825832,16.659
112,29360128,1769570443657,22:20:43.657,42.3448023,-71.0825832,16.659
113,29622272,1769570444098,22:20:44.098,42.3448023,-71.0825832,16.659
114,29884416,1769570444559,22:20:44.559,42.3448023,-71.0825832,16.659
115,30146560,1769570444977,22:20:44.977,42.3448023,-71.0825832,16.659
116,30408704,1769570445537,22:20:45.537,42.3448023,-71.0825832,16.659
117,30670848,1769570446000,22:20:46.000,42.3448023,-71.0825832,16.659
118,30932992,1769570446512,22:20:46.512,42.3448023,-71.0825832,16.659
119,31195136,1769570446901,22:20:46.901,42.3448023,-71.0825832,16.659
120,31457280,1769570447253,22:20:47.253,42.3448023,-71.0825832,16.659
121,31719424,1769570447603,22:20:47.603,42.3448023,-71.0825832,16.659
122,31981568,1769570447975,22:20:47.975,42.3448023,-71.0825832,16.659
123,32243712,1769570448491,22:20:48.491,42.3448023,-71.0825832,16.659
124,32505856,1769570448840,22:20:48.840,42.3448023,-71.0825832,16.659
125,32768000,1769570449189,22:20:49.189,42.3448023,-71.0825832,16.659
126,33030144,1769570449615,22:20:49.615,42.3448023,-71.0825832,16.659
127,33292288,1769570449966,22:20:49.966,42.3448023,-71.0825832,16.659
128,33554432,1769570450466,22:20:50.466,42.3448023,-71.0825832,16.659
129,33816576,1769570450960,22:20:50.960,42.3448023,-71.0825832,16.659
130,34078720,1769570451531,22:20:51.531,42.3448023,-71.0825832,16.659
131,34340864,1769570451918,22:20:51.918,42.3448023,-71.0825832,16.659
132,34603008,1769570452430,22:20:52.430,42.3448023,-71.0825832,16.659
133,34865152,1769570452924,22:20:52.924,42.3448023,-71.0825832,16.659
134,35127296,1769570453450,22:20:53.450,42.3448023,-71.0825832,16.659
135,35389440,1769570453837,22:20:53.837,42.3448023,-71.0825832,16.659
136,35651584,1769570454188,22:20:54.188,42.3448023,-71.0825832,16.659
137,35913728,1769570454559,22:20:54.559,42.3448023,-71.0825832,16.659
138,36175872,1769570455127,22:20:55.127,42.3448023,-71.0825832,16.659
139,36438016,1769570455508,22:20:55.508,42.3448023,-71.0825832,16.659
140,36700160,1769570455956,22:20:55.956,42.3448023,-71.0825832,16.659
141,36962304,1769570456316,22:20:56.316,42.3448023,-71.0825832,16.659
142,37224448,1769570456798,22:20:56.798,42.3448023,-71.0825832,16.659
143,37486592,1769570457193,22:20:57.193,42.3448023,-71.0825832,16.659
144,37748736,1769570457554,22:20:57.554,42.3448023,-71.0825832,16.659
145,38010880,1769570457904,22:20:57.904,42.3448023,-71.0825832,16.659
146,38273024,1769570458255,22:20:58.255,42.3448023,-71.0825832,16.659
147,38535168,1769570458597,22:20:58.597,42.3448023,-71.0825832,16.659
148,38797312,1769570458914,22:20:58.914,42.3448023,-71.0825832,16.659
149,39059456,1769570459414,22:20:59.414,42.3448023,-71.0825832,16.659
150,39321600,1769570459883,22:20:59.883,42.3448023,-71.0825832,16.659
151,39583744,1769570460233,22:21:00.233,42.3448023,-71.0825832,16.659
152,39845888,1769570460815,22:21:00.815,42.3448023,-71.0825832,16.659
153,40108032,1769570461499,22:21:01.499,42.3448023,-71.0825832,16.659
154,40370176,1769570461968,22:21:01.968,42.3448023,-71.0825832,16.659
155,40632320,1769570462623,22:21:02.623,42.3448023,-71.0825832,16.659
156,40894464,1769570463275,22:21:03.275,42.3448023,-71.0825832,16.659
157,41156608,1769570463725,22:21:03.725,42.3448023,-71.0825832,16.659
158,41418752,1769570464113,22:21:04.113,42.3448023,-71.0825832,16.659
159,41680896,1769570464475,22:21:04.475,42.3448023,-71.0825832,16.659
160,41943040,1769570464930,22:21:04.930,42.3448023,-71.0825832,16.659
161,42205184,1769570465491,22:21:05.491,42.3448023,-71.0825832,16.659
162,42467328,1769570466012,22:21:06.012,42.3448023,-71.0825832,16.659
163,42729472,1769570466425,22:21:06.425,42.3448023,-71.0825832,16.659
164,42991616,1769570466898,22:21:06.898,42.3448023,-71.0825832,16.659
165,43253760,1769570467428,22:21:07.428,42.3448023,-71.0825832,16.659
166,43515904,1769570467780,22:21:07.780,42.3448023,-71.0825832,16.659
167,43778048,1769570468341,22:21:08.341,42.3448023,-71.0825832,16.659
168,44040192,1769570468786,22:21:08.786,42.3448023,-71.0825832,16.659
169,44302336,1769570469153,22:21:09.153,42.3448023,-71.0825832,16.659
170,44564480,1769570469620,22:21:09.620,42.3448023,-71.0825832,16.659
171,44826624,1769570469973,22:21:09.973,42.3448023,-71.0825832,16.659
172,45088768,1769570470322,22:21:10.322,42.3448023,-71.0825832,16.659
173,45350912,1769570470673,22:21:10.673,42.3448023,-71.0825832,16.659
174,45613056,1769570471025,22:21:11.025,42.3448023,-71.0825832,16.659
175,45875200,1769570471375,22:21:11.375,42.3448023,-71.0825832,16.659
176,46137344,1769570471724,22:21:11.724,42.3448023,-71.0825832,16.659
177,46399488,1769570472286,22:21:12.286,42.3448023,-71.0825832,16.659
178,46661632,1769570472718,22:21:12.718,42.3448023,-71.0825832,16.659
179,46923776,1769570473087,22:21:13.087,42.3448023,-71.0825832,16.659
180,47185920,1769570473544,22:21:13.544,42.3448023,-71.0825832,16.659
181,47448064,1769570474015,22:21:14.015,42.3448023,-71.0825832,16.659
182,47710208,1769570474533,22:21:14.533,42.3448023,-71.0825832,16.659
183,47972352,1769570474884,22:21:14.884,42.3448023,-71.0825832,16.659
184,48234496,1769570475338,22:21:15.338,42.3448023,-71.0825832,16.659
185,48496640,1769570476024,22:21:16.024,42.3448023,-71.0825832,16.659
186,48758784,1769570476528,22:21:16.528,42.3448023,-71.0825832,16.659
187,49020928,1769570477074,22:21:17.074,42.3448023,-71.0825832,16.659
188,49283072,1769570477560,22:21:17.560,42.3448023,-71.0825832,16.659
189,49545216,1769570478167,22:21:18.167,42.3448023,-71.0825832,16.659
190,49807360,1769570478753,22:21:18.753,42.3448023,-71.0825832,16.659
191,50069504,1769570479268,22:21:19.268,42.3448023,-71.0825832,16.659
192,50331648,1769570479961,22:21:19.961,42.3448023,-71.0825832,16.659
193,50593792,1769570480411,22:21:20.411,42.3448023,-71.0825832,16.659
194,50855936,1769570481023,22:21:21.023,42.3448023,-71.0825832,16.659
195,51118080,1769570481396,22:21:21.396,42.3448023,-71.0825832,16.659
196,51380224,1769570481822,22:21:21.822,42.3448023,-71.0825832,16.659
197,51642368,1769570482339,22:21:22.339,42.3448023,-71.0825832,16.659
198,51904512,1769570482869,22:21:22.869,42.3448023,-71.0825832,16.659
199,52166656,1769570483421,22:21:23.421,42.3448023,-71.0825832,16.659
200,52428800,1769570483942,22:21:23.942,42.3448023,-71.0825832,16.659
201,52690944,1769570484422,22:21:24.422,42.3448023,-71.0825832,16.659
202,52953088,1769570484898,22:21:24.898,42.3448023,-71.0825832,16.659
203,53215232,1769570485317,22:21:25.317,42.3448023,-71.0825832,16.659
204,53477376,1769570485819,22:21:25.819,42.3448023,-71.0825832,16.659
205,53739520,1769570486366,22:21:26.366,42.3448023,-71.0825832,16.659
206,54001664,1769570486958,22:21:26.958,42.3448023,-71.0825832,16.659
207,54263808,1769570487516,22:21:27.516,42.3448023,-71.0825832,16.659
208,54525952,1769570488028,22:21:28.028,42.3448023,-71.0825832,16.659
209,54788096,1769570488622,22:21:28.622,42.3448023,-71.0825832,16.659
210,55050240,1769570489052,22:21:29.052,42.3448023,-71.0825832,16.659
211,55312384,1769570489488,22:21:29.488,42.3448023,-71.0825832,16.659
212,55574528,1769570489870,22:21:29.870,42.3448023,-71.0825832,16.659
213,55836672,1769570490252,22:21:30.252,42.3448023,-71.0825832,16.659
214,56098816,1769570490880,22:21:30.880,42.3448023,-71.0825832,16.659
215,56360960,1769570491432,22:21:31.432,42.3448023,-71.0825832,16.659
216,56623104,1769570491794,22:21:31.794,42.3448023,-71.0825832,16.659
217,56885248,1769570492145,22:21:32.145,42.3448023,-71.0825832,16.659
218,57147392,1769570492509,22:21:32.509,42.3448023,-71.0825832,16.659
219,57409536,1769570493105,22:21:33.105,42.3448023,-71.0825832,16.659
220,57671680,1769570493741,22:21:33.741,42.3448023,-71.0825832,16.659
221,57933824,1769570494250,22:21:34.250,42.3448023,-71.0825832,16.659
222,58195968,1769570494855,22:21:34.855,42.3448023,-71.0825832,16.659
223,58458112,1769570495414,22:21:35.414,42.3448023,-71.0825832,16.659
224,58720256,1769570496125,22:21:36.125,42.3448023,-71.0825832,16.659
225,58982400,1769570497032,22:21:37.032,42.3448023,-71.0825832,16.659
226,59244544,1769570497590,22:21:37.590,42.3448023,-71.0825832,16.659
227,59506688,1769570498132,22:21:38.132,42.3448023,-71.0825832,16.659
228,59768832,1769570498686,22:21:38.686,42.3448023,-71.0825832,16.659
229,60030976,1769570499121,22:21:39.121,42.3448023,-71.0825832,16.659
230,60293120,1769570499522,22:21:39.522,42.3448023,-71.0825832,16.659
231,60555264,1769570499972,22:21:39.972,42.3448023,-71.0825832,16.659
232,60817408,1769570500532,22:21:40.532,42.3448023,-71.0825832,16.659
233,61079552,1769570500976,22:21:40.976,42.3448023,-71.0825832,16.659
234,61341696,1769570501402,22:21:41.402,42.3448023,-71.0825832,16.659
235,61603840,1769570501800,22:21:41.800,42.3448023,-71.0825832,16.659
236,61865984,1769570502206,22:21:42.206,42.3448023,-71.0825832,16.659
237,62128128,1769570502887,22:21:42.887,42.3448023,-71.0825832,16.659
238,62390272,1769570503328,22:21:43.328,42.3448023,-71.0825832,16.659
239,62652416,1769570503746,22:21:43.746,42.3448023,-71.0825832,16.659
240,62914560,1769570504234,22:21:44.234,42.3448023,-71.0825832,16.659
241,63176704,1769570504828,22:21:44.828,42.3448023,-71.0825832,16.659
242,63438848,1769570505260,22:21:45.260,42.3448023,-71.0825832,16.659
243,63700992,1769570505689,22:21:45.689,42.3448023,-71.0825832,16.659
244,63963136,1769570506231,22:21:46.231,42.3448023,-71.0825832,16.659
245,64225280,1769570506861,22:21:46.861,42.3448023,-71.0825832,16.659
246,64487424,1769570507291,22:21:47.291,42.3448023,-71.0825832,16.659
247,64749568,1769570507684,22:21:47.684,42.3448023,-71.0825832,16.659
248,65011712,1769570508175,22:21:48.175,42.3448023,-71.0825832,16.659
249,65273856,1769570508557,22:21:48.557,42.3448023,-71.0825832,16.659
250,65536000,1769570508881,22:21:48.881,42.3448023,-71.0825832,16.659
251,65798144,1769570509317,22:21:49.317,42.3448023,-71.0825832,16.659
252,66060288,1769570509673,22:21:49.673,42.3448023,-71.0825832,16.659
253,66322432,1769570510054,22:21:50.054,42.3448023,-71.0825832,16.659
254,66584576,1769570510495,22:21:50.495,42.3448023,-71.0825832,16.659
255,66846720,1769570510871,22:21:50.871,42.3448023,-71.0825832,16.659
256,67108864,1769570511223,22:21:51.223,42.3448023,-71.0825832,16.659
257,67371008,1769570511574,22:21:51.574,42.3448023,-71.0825832,16.659
258,67633152,1769570511924,22:21:51.924,42.3448023,-71.0825832,16.659
259,67895296,1769570512276,22:21:52.276,42.3448023,-71.0825832,16.659
260,68157440,1769570512625,22:21:52.625,42.3448023,-71.0825832,16.659
261,68419584,1769570512975,22:21:52.975,42.3448023,-71.0825832,16.659
262,68681728,1769570513361,22:21:53.361,42.3448023,-71.0825832,16.659
263,68943872,1769570513912,22:21:53.912,42.3448023,-71.0825832,16.659
264,69206016,1769570514366,22:21:54.366,42.3448023,-71.0825832,16.659
265,69468160,1769570514836,22:21:54.836,42.3448023,-71.0825832,16.659
266,69730304,1769570515278,22:21:55.278,42.3448023,-71.0825832,16.659
267,69992448,1769570515643,22:21:55.643,42.3448023,-71.0825832,16.659
268,70254592,1769570516135,22:21:56.135,42.3448023,-71.0825832,16.659
269,70516736,1769570516561,22:21:56.561,42.3448023,-71.0825832,16.659
270,70778880,1769570517122,22:21:57.122,42.3448023,-71.0825832,16.659
271,71041024,1769570517642,22:21:57.642,42.3448023,-71.0825832,16.659
272,71303168,1769570518140,22:21:58.140,42.3448023,-71.0825832,16.659
273,71565312,1769570518504,22:21:58.504,42.3448023,-71.0825832,16.659
274,71827456,1769570518875,22:21:58.875,42.3448023,-71.0825832,16.659
275,72089600,1769570519375,22:21:59.375,42.3448023,-71.0825832,16.659
276,72351744,1769570519813,22:21:59.813,42.3448023,-71.0825832,16.659
277,72613888,1769570520194,22:22:00.194,42.3448023,-71.0825832,16.659
278,72876032,1769570520527,22:22:00.527,42.3448023,-71.0825832,16.659
279,73138176,1769570520887,22:22:00.887,42.3448023,-71.0825832,16.659
280,73400320,1769570521230,22:22:01.230,42.3448023,-71.0825832,16.659
281,73662464,1769570521635,22:22:01.635,42.3448023,-71.0825832,16.659
282,73924608,1769570521985,22:22:01.985,42.3448023,-71.0825832,16.659
283,74186752,1769570522377,22:22:02.377,42.3448023,-71.0825832,16.659
284,74448896,1769570522725,22:22:02.725,42.3448023,-71.0825832,16.659
285,74711040,1769570523073,22:22:03.073,42.3448023,-71.0825832,16.659
286,74973184,1769570523572,22:22:03.572,42.3448023,-71.0825832,16.659
287,75235328,1769570524114,22:22:04.114,42.3448023,-71.0825832,16.659
288,75497472,1769570524572,22:22:04.572,42.3448023,-71.0825832,16.659
289,75759616,1769570524942,22:22:04.942,42.3448023,-71.0825832,16.659
290,76021760,1769570525378,22:22:05.378,42.3448023,-71.0825832,16.659
291,76283904,1769570525755,22:22:05.755,42.3448023,-71.0825832,16.659
292,76546048,1769570526106,22:22:06.106,42.3448023,-71.0825832,16.659
293,76808192,1769570526507,22:22:06.507,42.3448023,-71.0825832,16.659
294,77070336,1769570527150,22:22:07.150,42.3448023,-71.0825832,16.659
295,77332480,1769570527683,22:22:07.683,42.3448023,-71.0825832,16.659
296,77594624,1769570528047,22:22:08.047,42.3448023,-71.0825832,16.659
297,77856768,1769570528476,22:22:08.476,42.3448023,-71.0825832,16.659
298,78118912,1769570528943,22:22:08.943,42.3448023,-71.0825832,16.659
299,78381056,1769570529394,22:22:09.394,42.3448023,-71.0825832,16.659
300,78643200,1769570529746,22:22:09.746,42.3448023,-71.0825832,16.659
301,78905344,1769570530216,22:22:10.216,42.3448023,-71.0825832,16.659
302,79167488,1769570530677,22:22:10.677,42.3448023,-71.0825832,16.659
303,79429632,1769570531098,22:22:11.098,42.3448023,-71.0825832,16.659
304,79691776,1769570531457,22:22:11.457,42.3448023,-71.0825832,16.659
305,79953920,1769570531807,22:22:11.807,42.3448023,-71.0825832,16.659
306,80216064,1769570532243,22:22:12.243,42.3448023,-71.0825832,16.659
307,80478208,1769570532694,22:22:12.694,42.3448023,-71.0825832,16.659
308,80740352,1769570533179,22:22:13.179,42.3448023,-71.0825832,16.659
309,81002496,1769570533615,22:22:13.615,42.3448023,-71.0825832,16.659
310,81264640,1769570534012,22:22:14.012,42.3448023,-71.0825832,16.659
311,81526784,1769570534326,22:22:14.326,42.3448023,-71.0825832,16.659
312,81788928,1769570534711,22:22:14.711,42.3448023,-71.0825832,16.659
313,82051072,1769570535262,22:22:15.262,42.3448023,-71.0825832,16.659
314,82313216,1769570535876,22:22:15.876,42.3448023,-71.0825832,16.659
315,82575360,1769570536638,22:22:16.638,42.3448023,-71.0825832,16.659
316,82837504,1769570537374,22:22:17.374,42.3448023,-71.0825832,16.659
317,83099648,1769570537877,22:22:17.877,42.3448023,-71.0825832,16.659
318,83361792,1769570538383,22:22:18.383,42.3448023,-71.0825832,16.659
319,83623936,1769570539153,22:22:19.153,42.3448023,-71.0825832,16.659
320,83886080,1769570539763,22:22:19.763,42.3448023,-71.0825832,16.659
321,84148224,1769570540391,22:22:20.391,42.3448023,-71.0825832,16.659
322,84410368,1769570541066,22:22:21.066,42.3448023,-71.0825832,16.659
323,84672512,1769570541720,22:22:21.720,42.3448023,-71.0825832,16.659
324,84934656,1769570542416,22:22:22.416,42.3448023,-71.0825832,16.659
325,85196800,1769570543200,22:22:23.200,42.3448023,-71.0825832,16.659
326,85458944,1769570543888,22:22:23.888,42.3448023,-71.0825832,16.659
327,85721088,1769570544497,22:22:24.497,42.3448023,-71.0825832,16.659
328,85983232,1769570545122,22:22:25.122,42.3448023,-71.0825832,16.659
329,86245376,1769570545736,22:22:25.736,42.3448023,-71.0825832,16.659
330,86507520,1769570546371,22:22:26.371,42.3448023,-71.0825832,16.659
331,86769664,1769570546917,22:22:26.917,42.3448023,-71.0825832,16.659
332,87031808,1769570547421,22:22:27.421,42.3448023,-71.0825832,16.659
333,87293952,1769570547844,22:22:27.844,42.3448023,-71.0825832,16.659
334,87556096,1769570548381,22:22:28.381,42.3448023,-71.0825832,16.659
335,87818240,1769570548896,22:22:28.896,42.3448023,-71.0825832,16.659
336,88080384,1769570549292,22:22:29.292,42.3448023,-71.0825832,16.659
337,88342528,1769570549706,22:22:29.706,42.3448023,-71.0825832,16.659
338,88604672,1769570550139,22:22:30.139,42.3448023,-71.0825832,16.659
339,88866816,1769570550621,22:22:30.621,42.3448023,-71.0825832,16.659
340,89128960,1769570551025,22:22:31.025,42.3448023,-71.0825832,16.659
341,89391104,1769570551375,22:22:31.375,42.3448023,-71.0825832,16.659
342,89653248,1769570551777,22:22:31.777,42.3448023,-71.0825832,16.659
343,89915392,1769570552201,22:22:32.201,42.3448023,-71.0825832,16.659
344,90177536,1769570552680,22:22:32.680,42.3448023,-71.0825832,16.659
345,90439680,1769570553224,22:22:33.224,42.3448023,-71.0825832,16.659
346,90701824,1769570553725,22:22:33.725,42.3448023,-71.0825832,16.659
347,90963968,1769570554186,22:22:34.186,42.3448023,-71.0825832,16.659
348,91226112,1769570554616,22:22:34.616,42.3448023,-71.0825832,16.659
349,91488256,1769570555154,22:22:35.154,42.3448023,-71.0825832,16.659
350,91750400,1769570555650,22:22:35.650,42.3448023,-71.0825832,16.659
351,92012544,1769570556145,22:22:36.145,42.3448023,-71.0825832,16.659
352,92274688,1769570556617,22:22:36.617,42.3448023,-71.0825832,16.659
353,92536832,1769570557125,22:22:37.125,42.3448023,-71.0825832,16.659
354,92798976,1769570557558,22:22:37.558,42.3448023,-71.0825832,16.659
355,93061120,1769570558022,22:22:38.022,42.3448023,-71.0825832,16.659
356,93323264,1769570558446,22:22:38.446,42.3448023,-71.0825832,16.659
357,93585408,1769570558889,22:22:38.889,42.3448023,-71.0825832,16.659
358,93847552,1769570559278,22:22:39.278,42.3448023,-71.0825832,16.659
359,94109696,1769570559615,22:22:39.615,42.3448023,-71.0825832,16.659
360,94371840,1769570559978,22:22:39.978,42.3448023,-71.0825832,16.659
361,94633984,1769570560374,22:22:40.374,42.3448023,-71.0825832,16.659
362,94896128,1769570560738,22:22:40.738,42.3448023,-71.0825832,16.659
363,95158272,1769570561073,22:22:41.073,42.3448023,-71.0825832,16.659
364,95420416,1769570561423,22:22:41.423,42.3448023,-71.0825832,16.659
365,95682560,1769570561897,22:22:41.897,42.3448023,-71.0825832,16.659
366,95944704,1769570562334,22:22:42.334,42.3448023,-71.0825832,16.659
367,96206848,1769570562823,22:22:42.823,42.3448023,-71.0825832,16.659
368,96468992,1769570563221,22:22:43.221,42.3448023,-71.0825832,16.659
369,96731136,1769570563733,22:22:43.733,42.3448023,-71.0825832,16.659
370,96993280,1769570564256,22:22:44.256,42.3448023,-71.0825832,16.659
371,97255424,1769570564676,22:22:44.676,42.3448023,-71.0825832,16.659
372,97517568,1769570565106,22:22:45.106,42.3448023,-71.0825832,16.659
373,97779712,1769570565611,22:22:45.611,42.3448023,-71.0825832,16.659
374,98041856,1769570566023,22:22:46.023,42.3448023,-71.0825832,16.659
375,98304000,1769570566425,22:22:46.425,42.3448023,-71.0825832,16.659
376,98566144,1769570566884,22:22:46.884,42.3448023,-71.0825832,16.659
377,98828288,1769570567321,22:22:47.321,42.3448023,-71.0825832,16.659
378,99090432,1769570567736,22:22:47.736,42.3448023,-71.0825832,16.659
379,99352576,1769570568259,22:22:48.259,42.3448023,-71.0825832,16.659
380,99614720,1769570568795,22:22:48.795,42.3448023,-71.0825832,16.659
381,99876864,1769570569318,22:22:49.318,42.3448023,-71.0825832,16.659
382,100139008,1769570569754,22:22:49.754,42.3448023,-71.0825832,16.659
383,100401152,1769570570260,22:22:50.260,42.3448023,-71.0825832,16.659
384,100663296,1769570570784,22:22:50.784,42.3448023,-71.0825832,16.659
385,100925440,1769570571314,22:22:51.314,42.3448023,-71.0825832,16.659
386,101187584,1769570571805,22:22:51.805,42.3448023,-71.0825832,16.659
387,101449728,1769570572201,22:22:52.201,42.3448023,-71.0825832,16.659
388,101711872,1769570572508,22:22:52.508,42.3448023,-71.0825832,16.659
389,101974016,1769570572944,22:22:52.944,42.3448023,-71.0825832,16.659
390,102236160,1769570573377,22:22:53.377,42.3448023,-71.0825832,16.659
391,102498304,1769570573659,22:22:53.659,42.3448023,-71.0825832,16.659
392,102760448,1769570574011,22:22:54.011,42.3448023,-71.0825832,16.659
393,103022592,1769570574474,22:22:54.474,42.3448023,-71.0825832,16.659
394,103284736,1769570575109,22:22:55.109,42.3448023,-71.0825832,16.659
395,103546880,1769570575591,22:22:55.591,42.3448023,-71.0825832,16.659
396,103809024,1769570575997,22:22:55.997,42.3448023,-71.0825832,16.659
397,104071168,1769570576443,22:22:56.443,42.3448023,-71.0825832,16.659
398,104333312,1769570576741,22:22:56.741,42.3448023,-71.0825832,16.659
399,104595456,1769570577338,22:22:57.338,42.3448023,-71.0825832,16.659
400,104857600,1769570577881,22:22:57.881,42.3448023,-71.0825832,16.659
401,105119744,1769570578322,22:22:58.322,42.3448023,-71.0825832,16.659
402,105381888,1769570578822,22:22:58.822,42.3448023,-71.0825832,16.659
403,105644032,1769570579389,22:22:59.389,42.3448023,-71.0825832,16.659
404,105906176,1769570579969,22:22:59.969,42.3448023,-71.0825832,16.659
405,106168320,1769570580438,22:23:00.438,42.3448023,-71.0825832,16.659
406,106430464,1769570580938,22:23:00.938,42.3448023,-71.0825832,16.659
407,106692608,1769570581430,22:23:01.430,42.3448023,-71.0825832,16.659
408,106954752,1769570581956,22:23:01.956,42.3448023,-71.0825832,16.659
409,107216896,1769570582496,22:23:02.496,42.3448023,-71.0825832,16.659
410,107479040,1769570583023,22:23:03.023,42.3448023,-71.0825832,16.659
411,107741184,1769570583482,22:23:03.482,42.3448023,-71.0825832,16.659
412,108003328,1769570583902,22:23:03.902,42.3448023,-71.0825832,16.659
413,108265472,1769570584376,22:23:04.376,42.3448023,-71.0825832,16.659
414,108527616,1769570584805,22:23:04.805,42.3448023,-71.0825832,16.659
415,108789760,1769570585152,22:23:05.152,42.3448023,-71.0825832,16.659
416,109051904,1769570585539,22:23:05.539,42.3448023,-71.0825832,16.659
417,109314048,1769570585928,22:23:05.928,42.3448023,-71.0825832,16.659
418,109576192,1769570586294,22:23:06.294,42.3448023,-71.0825832,16.659
419,109838336,1769570586647,22:23:06.647,42.3448023,-71.0825832,16.659
420,110100480,1769570587053,22:23:07.053,42.3448023,-71.0825832,16.659
421,110362624,1769570587403,22:23:07.403,42.3448023,-71.0825832,16.659
422,110624768,1769570588027,22:23:08.027,42.3448023,-71.0825832,16.659
423,110886912,1769570588580,22:23:08.580,42.3448023,-71.0825832,16.659
424,111149056,1769570589163,22:23:09.163,42.3448023,-71.0825832,16.659
425,111411200,1769570589617,22:23:09.617,42.3448023,-71.0825832,16.659
426,111673344,1769570590070,22:23:10.070,42.3448023,-71.0825832,16.659
427,111935488,1769570590504,22:23:10.504,42.3448023,-71.0825832,16.659
428,112197632,1769570591011,22:23:11.011,42.3448023,-71.0825832,16.659
429,112459776,1769570591512,22:23:11.512,42.3448023,-71.0825832,16.659
430,112721920,1769570592121,22:23:12.121,42.3448023,-71.0825832,16.659
431,112984064,1769570592608,22:23:12.608,42.3448023,-71.0825832,16.659
432,113246208,1769570593167,22:23:13.167,42.3448023,-71.0825832,16.659
433,113508352,1769570593923,22:23:13.923,42.3448023,-71.0825832,16.659
434,113770496,1769570594482,22:23:14.482,42.3448023,-71.0825832,16.659
435,114032640,1769570594987,22:23:14.987,42.3448023,-71.0825832,16.659
436,114294784,1769570595691,22:23:15.691,42.3448023,-71.0825832,16.659
437,114556928,1769570596386,22:23:16.386,42.3448023,-71.0825832,16.659
438,114819072,1769570597044,22:23:17.044,42.3448023,-71.0825832,16.659
439,115081216,1769570597636,22:23:17.636,42.3448023,-71.0825832,16.659
440,115343360,1769570598227,22:23:18.227,42.3448023,-71.0825832,16.659
441,115605504,1769570598773,22:23:18.773,42.3448023,-71.0825832,16.659
442,115867648,1769570599183,22:23:19.183,42.3448023,-71.0825832,16.659
443,116129792,1769570599592,22:23:19.592,42.3448023,-71.0825832,16.659
444,116391936,1769570600413,22:23:20.413,42.3448023,-71.0825832,16.659
445,116654080,1769570600959,22:23:20.959,42.3448023,-71.0825832,16.659
446,116916224,1769570601438,22:23:21.438,42.3448023,-71.0825832,16.659
447,117178368,1769570601952,22:23:21.952,42.3448023,-71.0825832,16.659
448,117440512,1769570602667,22:23:22.667,42.3448023,-71.0825832,16.659
449,117702656,1769570603151,22:23:23.151,42.3448023,-71.0825832,16.659
450,117964800,1769570603493,22:23:23.493,42.3448023,-71.0825832,16.659
451,118226944,1769570603843,22:23:23.843,42.3448023,-71.0825832,16.659
452,118489088,1769570604195,22:23:24.195,42.3448023,-71.0825832,16.659
453,118751232,1769570604561,22:23:24.561,42.3448023,-71.0825832,16.659
454,119013376,1769570604896,22:23:24.896,42.3448023,-71.0825832,16.659
455,119275520,1769570605270,22:23:25.270,42.3448023,-71.0825832,16.659
456,119537664,1769570605596,22:23:25.596,42.3448023,-71.0825832,16.659
457,119799808,1769570605978,22:23:25.978,42.3448023,-71.0825832,16.659
458,120061952,1769570606297,22:23:26.297,42.3448023,-71.0825832,16.659
459,120324096,1769570606650,22:23:26.650,42.3448023,-71.0825832,16.659
460,120586240,1769570607003,22:23:27.003,42.3448023,-71.0825832,16.659
461,120848384,1769570607366,22:23:27.366,42.3448023,-71.0825832,16.659
462,121110528,1769570607702,22:23:27.702,42.3448023,-71.0825832,16.659
463,121372672,1769570608056,22:23:28.056,42.3448023,-71.0825832,16.659
464,121634816,1769570608479,22:23:28.479,42.3448023,-71.0825832,16.659
465,121896960,1769570608831,22:23:28.831,42.3448023,-71.0825832,16.659
466,122159104,1769570609181,22:23:29.181,42.3448023,-71.0825832,16.659
467,122421248,1769570609530,22:23:29.530,42.3448023,-71.0825832,16.659
468,122683392,1769570609880,22:23:29.880,42.3448023,-71.0825832,16.659
469,122945536,1769570610233,22:23:30.233,42.3448023,-71.0825832,16.659
470,123207680,1769570610696,22:23:30.696,42.3448023,-71.0825832,16.659
471,123469824,1769570611149,22:23:31.149,42.3448023,-71.0825832,16.659
472,123731968,1769570611522,22:23:31.522,42.3448023,-71.0825832,16.659
473,123994112,1769570611913,22:23:31.913,42.3448023,-71.0825832,16.659
474,124256256,1769570612263,22:23:32.263,42.3448023,-71.0825832,16.659
475,124518400,1769570612615,22:23:32.615,42.3448023,-71.0825832,16.659
476,124780544,1769570612965,22:23:32.965,42.3448023,-71.0825832,16.659
477,125042688,1769570613335,22:23:33.335,42.3448023,-71.0825832,16.659
478,125304832,1769570613656,22:23:33.656,42.3448023,-71.0825832,16.659
479,125566976,1769570614006,22:23:34.006,42.3448023,-71.0825832,16.659
480,125829120,1769570614359,22:23:34.359,42.3448023,-71.0825832,16.659
481,126091264,1769570614735,22:23:34.735,42.3448023,-71.0825832,16.659
482,126353408,1769570615123,22:23:35.123,42.3448023,-71.0825832,16.659
483,126615552,1769570615502,22:23:35.502,42.3448023,-71.0825832,16.659
484,126877696,1769570615853,22:23:35.853,42.3448023,-71.0825832,16.659
485,127139840,1769570616204,22:23:36.204,42.3448023,-71.0825832,16.659
486,127401984,1769570616554,22:23:36.554,42.3448023,-71.0825832,16.659
487,127664128,1769570616905,22:23:36.905,42.3448023,-71.0825832,16.659
488,127926272,1769570617254,22:23:37.254,42.3448023,-71.0825832,16.659
489,128188416,1769570617605,22:23:37.605,42.3448023,-71.0825832,16.659
490,128450560,1769570617955,22:23:37.955,42.3448023,-71.0825832,16.659
491,128712704,1769570618325,22:23:38.325,42.3448023,-71.0825832,16.659
492,128974848,1769570618817,22:23:38.817,42.3448023,-71.0825832,16.659
493,129236992,1769570619321,22:23:39.321,42.3448023,-71.0825832,16.659
494,129499136,1769570619803,22:23:39.803,42.3448023,-71.0825832,16.659
495,129761280,1769570620195,22:23:40.195,42.3448023,-71.0825832,16.659
496,130023424,1769570620659,22:23:40.659,42.3448023,-71.0825832,16.659
497,130285568,1769570621017,22:23:41.017,42.3448023,-71.0825832,16.659
498,130547712,1769570621453,22:23:41.453,42.3448023,-71.0825832,16.659
499,130809856,1769570622009,22:23:42.009,42.3448023,-71.0825832,16.659
500,131072000,1769570622447,22:23:42.447,42.3448023,-71.0825832,16.659
501,131334144,1769570622873,22:23:42.873,42.3448023,-71.0825832,16.659
502,131596288,1769570623243,22:23:43.243,42.3448023,-71.0825832,16.659
503,131858432,1769570623792,22:23:43.792,42.3448023,-71.0825832,16.659
504,132120576,1769570624303,22:23:44.303,42.3448023,-71.0825832,16.659
505,132382720,1769570624922,22:23:44.922,42.3448023,-71.0825832,16.659
506,132644864,1769570625422,22:23:45.422,42.3448023,-71.0825832,16.659
507,132907008,1769570626018,22:23:46.018,42.3448023,-71.0825832,16.659
508,133169152,1769570626410,22:23:46.410,42.3448023,-71.0825832,16.659
509,133431296,1769570627001,22:23:47.001,42.3448023,-71.0825832,16.659
510,133693440,1769570627468,22:23:47.468,42.3448023,-71.0825832,16.659
511,133955584,1769570628093,22:23:48.093,42.3448023,-71.0825832,16.659
512,134217728,1769570628463,22:23:48.463,42.3448023,-71.0825832,16.659
513,134479872,1769570628852,22:23:48.852,42.3448023,-71.0825832,16.659
514,134742016,1769570629202,22:23:49.202,42.3448023,-71.0825832,16.659
515,135004160,1769570629554,22:23:49.554,42.3448023,-71.0825832,16.659
516,135266304,1769570629907,22:23:49.907,42.3448023,-71.0825832,16.659
517,135528448,1769570630258,22:23:50.258,42.3448023,-71.0825832,16.659
518,135790592,1769570630609,22:23:50.609,42.3448023,-71.0825832,16.659
519,136052736,1769570630958,22:23:50.958,42.3448023,-71.0825832,16.659
520,136314880,1769570631327,22:23:51.327,42.3448023,-71.0825832,16.659
521,136577024,1769570631678,22:23:51.678,42.3448023,-71.0825832,16.659
522,136839168,1769570632071,22:23:52.071,42.3448023,-71.0825832,16.659
523,137101312,1769570632476,22:23:52.476,42.3448023,-71.0825832,16.659
524,137363456,1769570632828,22:23:52.828,42.3448023,-71.0825832,16.659
525,137625600,1769570633178,22:23:53.178,42.3448023,-71.0825832,16.659
526,137887744,1769570633529,22:23:53.529,42.3448023,-71.0825832,16.659
527,138149888,1769570633846,22:23:53.846,42.3448023,-71.0825832,16.659
528,138412032,1769570634163,22:23:54.163,42.3448023,-71.0825832,16.659
529,138674176,1769570634562,22:23:54.562,42.3448023,-71.0825832,16.659
530,138936320,1769570634912,22:23:54.912,42.3448023,-71.0825832,16.659
531,139198464,1769570635263,22:23:55.263,42.3448023,-71.0825832,16.659
532,139460608,1769570635613,22:23:55.613,42.3448023,-71.0825832,16.659
533,139722752,1769570636047,22:23:56.047,42.3448023,-71.0825832,16.659
534,139984896,1769570636449,22:23:56.449,42.3448023,-71.0825832,16.659
535,140247040,1769570636899,22:23:56.899,42.3448023,-71.0825832,16.659
536,140509184,1769570637354,22:23:57.354,42.3448023,-71.0825832,16.659
537,140771328,1769570637704,22:23:57.704,42.3448023,-71.0825832,16.659
538,141033472,1769570638096,22:23:58.096,42.3448023,-71.0825832,16.659
539,141295616,1769570638456,22:23:58.456,42.3448023,-71.0825832,16.659
540,141557760,1769570638841,22:23:58.841,42.3448023,-71.0825832,16.659
541,141819904,1769570639214,22:23:59.214,42.3448023,-71.0825832,16.659
542,142082048,1769570639564,22:23:59.564,42.3448023,-71.0825832,16.659
543,142344192,1769570639914,22:23:59.914,42.3448023,-71.0825832,16.659
544,142606336,1769570640266,22:24:00.266,42.3448023,-71.0825832,16.659
545,142868480,1769570640618,22:24:00.618,42.3448023,-71.0825832,16.659
546,143130624,1769570640967,22:24:00.967,42.3448023,-71.0825832,16.659
547,143392768,1769570641319,22:24:01.319,42.3448023,-71.0825832,16.659
548,143654912,1769570641670,22:24:01.670,42.3448023,-71.0825832,16.659
549,143917056,1769570642018,22:24:02.018,42.3448023,-71.0825832,16.659
550,144179200,1769570642400,22:24:02.400,42.3448023,-71.0825832,16.659
551,144441344,1769570642821,22:24:02.821,42.3448023,-71.0825832,16.659
552,144703488,1769570643184,22:24:03.184,42.3448023,-71.0825832,16.659
553,144965632,1769570643545,22:24:03.545,42.3448023,-71.0825832,16.659
554,145227776,1769570643895,22:24:03.895,42.3448023,-71.0825832,16.659
555,145489920,1769570644245,22:24:04.245,42.3448023,-71.0825832,16.659
556,145752064,1769570644596,22:24:04.596,42.3448023,-71.0825832,16.659
557,146014208,1769570645027,22:24:05.027,42.3448023,-71.0825832,16.659
558,146276352,1769570645415,22:24:05.415,42.3448023,-71.0825832,16.659
559,146538496,1769570645768,22:24:05.768,42.3448023,-71.0825832,16.659
560,146800640,1769570646117,22:24:06.117,42.3448023,-71.0825832,16.659
561,147062784,1769570646467,22:24:06.467,42.3448023,-71.0825832,16.659
562,147324928,1769570646870,22:24:06.870,42.3448023,-71.0825832,16.659
563,147587072,1769570647335,22:24:07.335,42.3448023,-71.0825832,16.659
564,147849216,1769570647715,22:24:07.715,42.3448023,-71.0825832,16.659
565,148111360,1769570648066,22:24:08.066,42.3448023,-71.0825832,16.659
566,148373504,1769570648427,22:24:08.427,42.3448023,-71.0825832,16.659
567,148635648,1769570648897,22:24:08.897,42.3448023,-71.0825832,16.659
568,148897792,1769570649371,22:24:09.371,42.3448023,-71.0825832,16.659
569,149159936,1769570649766,22:24:09.766,42.3448023,-71.0825832,16.659
570,149422080,1769570650116,22:24:10.116,42.3448023,-71.0825832,16.659
571,149684224,1769570650592,22:24:10.592,42.3448023,-71.0825832,16.659
572,149946368,1769570651049,22:24:11.049,42.3448023,-71.0825832,16.659
573,150208512,1769570651535,22:24:11.535,42.3448023,-71.0825832,16.659
574,150470656,1769570652064,22:24:12.064,42.3448023,-71.0825832,16.659
575,150732800,1769570652519,22:24:12.519,42.3448023,-71.0825832,16.659
576,150994944,1769570652995,22:24:12.995,42.3448023,-71.0825832,16.659
577,151257088,1769570653607,22:24:13.607,42.3448023,-71.0825832,16.659
578,151519232,1769570654442,22:24:14.442,42.3448023,-71.0825832,16.659
579,151781376,1769570654844,22:24:14.844,42.3448023,-71.0825832,16.659
580,152043520,1769570655495,22:24:15.495,42.3448023,-71.0825832,16.659
581,152305664,1769570656245,22:24:16.245,42.3448023,-71.0825832,16.659
582,152567808,1769570656806,22:24:16.806,42.3448023,-71.0825832,16.659
583,152829952,1769570657619,22:24:17.619,42.3448023,-71.0825832,16.659
584,153092096,1769570658329,22:24:18.329,42.3448023,-71.0825832,16.659
585,153354240,1769570658842,22:24:18.842,42.3448023,-71.0825832,16.659
586,153616384,1769570659254,22:24:19.254,42.3448023,-71.0825832,16.659
587,153878528,1769570659635,22:24:19.635,42.3448023,-71.0825832,16.659
588,154140672,1769570660018,22:24:20.018,42.3448023,-71.0825832,16.659
589,154402816,1769570660382,22:24:20.382,42.3448023,-71.0825832,16.659
590,154664960,1769570660794,22:24:20.794,42.3448023,-71.0825832,16.659
591,154927104,1769570661160,22:24:21.160,42.3448023,-71.0825832,16.659
592,155189248,1769570661495,22:24:21.495,42.3448023,-71.0825832,16.659
593,155451392,1769570661845,22:24:21.845,42.3448023,-71.0825832,16.659
594,155713536,1769570662196,22:24:22.196,42.3448023,-71.0825832,16.659
595,155975680,1769570662546,22:24:22.546,42.3448023,-71.0825832,16.659
596,156237824,1769570662899,22:24:22.899,42.3448023,-71.0825832,16.659
597,156499968,1769570663260,22:24:23.260,42.3448023,-71.0825832,16.659
598,156762112,1769570663747,22:24:23.747,42.3448023,-71.0825832,16.659
599,157024256,1769570664130,22:24:24.130,42.3448023,-71.0825832,16.659
600,157286400,1769570664489,22:24:24.489,42.3448023,-71.0825832,16.659
601,157548544,1769570664862,22:24:24.862,42.3448023,-71.0825832,16.659
602,157810688,1769570665213,22:24:25.213,42.3448023,-71.0825832,16.659
603,158072832,1769570665562,22:24:25.562,42.3448023,-71.0825832,16.659
604,158334976,1769570665912,22:24:25.912,42.3448023,-71.0825832,16.659
605,158597120,1769570666319,22:24:26.319,42.3448023,-71.0825832,16.659
606,158859264,1769570666628,22:24:26.628,42.3448023,-71.0825832,16.659
607,159121408,1769570666979,22:24:26.979,42.3448023,-71.0825832,16.659
608,159383552,1769570667525,22:24:27.525,42.3448023,-71.0825832,16.659
609,159645696,1769570668034,22:24:28.034,42.3448023,-71.0825832,16.659
610,159907840,1769570668806,22:24:28.806,42.3448023,-71.0825832,16.659
611,160169984,1769570669524,22:24:29.524,42.3448023,-71.0825832,16.659
612,160432128,1769570670018,22:24:30.018,42.3448023,-71.0825832,16.659
613,160694272,1769570670420,22:24:30.420,42.3448023,-71.0825832,16.659
614,160956416,1769570670806,22:24:30.806,42.3448023,-71.0825832,16.659
615,161218560,1769570671137,22:24:31.137,42.3448023,-71.0825832,16.659
616,161480704,1769570671489,22:24:31.489,42.3448023,-71.0825832,16.659
617,161742848,1769570671839,22:24:31.839,42.3448023,-71.0825832,16.659
618,162004992,1769570672190,22:24:32.190,42.3448023,-71.0825832,16.659
619,162267136,1769570672543,22:24:32.543,42.3448023,-71.0825832,16.659
620,162529280,1769570672960,22:24:32.960,42.3448023,-71.0825832,16.659
621,162791424,1769570673243,22:24:33.243,42.3448023,-71.0825832,16.659
622,163053568,1769570673587,22:24:33.587,42.3448023,-71.0825832,16.659
623,163315712,1769570673938,22:24:33.938,42.3448023,-71.0825832,16.659
624,163577856,1769570674288,22:24:34.288,42.3448023,-71.0825832,16.659
625,163840000,1769570674638,22:24:34.638,42.3448023,-71.0825832,16.659
626,164102144,1769570674988,22:24:34.988,42.3448023,-71.0825832,16.659
627,164364288,1769570675352,22:24:35.352,42.3448023,-71.0825832,16.659
628,164626432,1769570675843,22:24:35.843,42.3448023,-71.0825832,16.659
629,164888576,1769570676208,22:24:36.208,42.3448023,-71.0825832,16.659
630,165150720,1769570676664,22:24:36.664,42.3448023,-71.0825832,16.659
631,165412864,1769570677191,22:24:37.191,42.3448023,-71.0825832,16.659
632,165675008,1769570677701,22:24:37.701,42.3448023,-71.0825832,16.659
633,165937152,1769570678125,22:24:38.125,42.3448023,-71.0825832,16.659
634,166199296,1769570678604,22:24:38.604,42.3448023,-71.0825832,16.659
635,166461440,1769570679294,22:24:39.294,42.3448023,-71.0825832,16.659
636,166723584,1769570679685,22:24:39.685,42.3448023,-71.0825832,16.659
637,166985728,1769570680036,22:24:40.036,42.3448023,-71.0825832,16.659
638,167247872,1769570680389,22:24:40.389,42.3448023,-71.0825832,16.659
639,167510016,1769570680799,22:24:40.799,42.3448023,-71.0825832,16.659
640,167772160,1769570681210,22:24:41.210,42.3448023,-71.0825832,16.659
641,168034304,1769570681584,22:24:41.584,42.3448023,-71.0825832,16.659
642,168296448,1769570681981,22:24:41.981,42.3448023,-71.0825832,16.659
643,168558592,1769570682428,22:24:42.428,42.3448023,-71.0825832,16.659
644,168820736,1769570682970,22:24:42.970,42.3448023,-71.0825832,16.659
645,169082880,1769570683452,22:24:43.452,42.3448023,-71.0825832,16.659
646,169345024,1769570684171,22:24:44.171,42.3448023,-71.0825832,16.659
647,169607168,1769570684663,22:24:44.663,42.3448023,-71.0825832,16.659
648,169869312,1769570685337,22:24:45.337,42.3448023,-71.0825832,16.659
649,170131456,1769570685908,22:24:45.908,42.3448023,-71.0825832,16.659
650,170393600,1769570686412,22:24:46.412,42.3448023,-71.0825832,16.659
651,170655744,1769570686855,22:24:46.855,42.3448023,-71.0825832,16.659
652,170917888,1769570687336,22:24:47.336,42.3448023,-71.0825832,16.659
653,171180032,1769570687768,22:24:47.768,42.3448023,-71.0825832,16.659
654,171442176,1769570688060,22:24:48.060,42.3448023,-71.0825832,16.659
655,171704320,1769570688463,22:24:48.463,42.3448023,-71.0825832,16.659
656,171966464,1769570688817,22:24:48.817,42.3448023,-71.0825832,16.659
657,172228608,1769570689288,22:24:49.288,42.3448023,-71.0825832,16.659
658,172490752,1769570689711,22:24:49.711,42.3448023,-71.0825832,16.659
659,172752896,1769570690221,22:24:50.221,42.3448023,-71.0825832,16.659
660,173015040,1769570690684,22:24:50.684,42.3448023,-71.0825832,16.659
661,173277184,1769570691222,22:24:51.222,42.3448023,-71.0825832,16.659
662,173539328,1769570691715,22:24:51.715,42.3448023,-71.0825832,16.659
663,173801472,1769570692269,22:24:52.269,42.3448023,-71.0825832,16.659
664,174063616,1769570692777,22:24:52.777,42.3448023,-71.0825832,16.659
665,174325760,1769570693446,22:24:53.446,42.3448023,-71.0825832,16.659
666,174587904,1769570694033,22:24:54.033,42.3448023,-71.0825832,16.659
667,174850048,1769570694594,22:24:54.594,42.3448023,-71.0825832,16.659
668,175112192,1769570695128,22:24:55.128,42.3448023,-71.0825832,16.659
669,175374336,1769570695529,22:24:55.529,42.3448023,-71.0825832,16.659
670,175636480,1769570695973,22:24:55.973,42.3448023,-71.0825832,16.659
671,175898624,1769570696540,22:24:56.540,42.3448023,-71.0825832,16.659
672,176160768,1769570697148,22:24:57.148,42.3448023,-71.0825832,16.659
673,176422912,1769570697727,22:24:57.727,42.3448023,-71.0825832,16.659
674,176685056,1769570698245,22:24:58.245,42.3448023,-71.0825832,16.659
675,176947200,1769570698736,22:24:58.736,42.3448023,-71.0825832,16.659
676,177209344,1769570699144,22:24:59.144,42.3448023,-71.0825832,16.659
677,177471488,1769570699588,22:24:59.588,42.3448023,-71.0825832,16.659
678,177733632,1769570699940,22:24:59.940,42.3448023,-71.0825832,16.659
679,177995776,1769570700294,22:25:00.294,42.3448023,-71.0825832,16.659
680,178257920,1769570700751,22:25:00.751,42.3448023,-71.0825832,16.659
681,178520064,1769570701237,22:25:01.237,42.3448023,-71.0825832,16.659
682,178782208,1769570701757,22:25:01.757,42.3448023,-71.0825832,16.659
683,179044352,1769570702149,22:25:02.149,42.3448023,-71.0825832,16.659
684,179306496,1769570702611,22:25:02.611,42.3448023,-71.0825832,16.659
685,179568640,1769570703188,22:25:03.188,42.3448023,-71.0825832,16.659
686,179830784,1769570703792,22:25:03.792,42.3448023,-71.0825832,16.659
687,180092928,1769570704195,22:25:04.195,42.3448023,-71.0825832,16.659
688,180355072,1769570704720,22:25:04.720,42.3448023,-71.0825832,16.659
689,180617216,1769570705228,22:25:05.228,42.3448023,-71.0825832,16.659
690,180879360,1769570705762,22:25:05.762,42.3448023,-71.0825832,16.659
691,181141504,1769570706120,22:25:06.120,42.3448023,-71.0825832,16.659
692,181403648,1769570706703,22:25:06.703,42.3448023,-71.0825832,16.659
693,181665792,1769570707364,22:25:07.364,42.3448023,-71.0825832,16.659
694,181927936,1769570707828,22:25:07.828,42.3448023,-71.0825832,16.659
695,182190080,1769570708408,22:25:08.408,42.3448023,-71.0825832,16.659
696,182452224,1769570708947,22:25:08.947,42.3448023,-71.0825832,16.659
697,182714368,1769570709588,22:25:09.588,42.3448023,-71.0825832,16.659
698,182976512,1769570709994,22:25:09.994,42.3448023,-71.0825832,16.659
699,183238656,1769570710390,22:25:10.390,42.3448023,-71.0825832,16.659
700,183500800,1769570710773,22:25:10.773,42.3448023,-71.0825832,16.659
701,183762944,1769570711229,22:25:11.229,42.3448023,-71.0825832,16.659
702,184025088,1769570711647,22:25:11.647,42.3448023,-71.0825832,16.659
703,184287232,1769570712038,22:25:12.038,42.3448023,-71.0825832,16.659
704,184549376,1769570712424,22:25:12.424,42.3448023,-71.0825832,16.659
705,184811520,1769570712932,22:25:12.932,42.3448023,-71.0825832,16.659
706,185073664,1769570713384,22:25:13.384,42.3448023,-71.0825832,16.659
707,185335808,1769570713738,22:25:13.738,42.3448023,-71.0825832,16.659
708,185597952,1769570714089,22:25:14.089,42.3448023,-71.0825832,16.659
709,185860096,1769570714440,22:25:14.440,42.3448023,-71.0825832,16.659
710,186122240,1769570714800,22:25:14.800,42.3448023,-71.0825832,16.659
711,186384384,1769570715265,22:25:15.265,42.3448023,-71.0825832,16.659
712,186646528,1769570715679,22:25:15.679,42.3448023,-71.0825832,16.659
713,186908672,1769570716028,22:25:16.028,42.3448023,-71.0825832,16.659
714,187170816,1769570716380,22:25:16.380,42.3448023,-71.0825832,16.659
715,187432960,1769570716766,22:25:16.766,42.3448023,-71.0825832,16.659
716,187695104,1769570717118,22:25:17.118,42.3448023,-71.0825832,16.659
717,187957248,1769570717472,22:25:17.472,42.3448023,-71.0825832,16.659
718,188219392,1769570717824,22:25:17.824,42.3448023,-71.0825832,16.659
719,188481536,1769570718176,22:25:18.176,42.3448023,-71.0825832,16.659
720,188743680,1769570718544,22:25:18.544,42.3448023,-71.0825832,16.659
721,189005824,1769570718893,22:25:18.893,42.3448023,-71.0825832,16.659
722,189267968,1769570719246,22:25:19.246,42.3448023,-71.0825832,16.659
723,189530112,1769570719594,22:25:19.594,42.3448023,-71.0825832,16.659
724,189792256,1769570719945,22:25:19.945,42.3448023,-71.0825832,16.659
725,190054400,1769570720297,22:25:20.297,42.3448023,-71.0825832,16.659
726,190316544,1769570720649,22:25:20.649,42.3448023,-71.0825832,16.659
727,190578688,1769570721080,22:25:21.080,42.3448023,-71.0825832,16.659
728,190840832,1769570721449,22:25:21.449,42.3448023,-71.0825832,16.659
729,191102976,1769570721825,22:25:21.825,42.3448023,-71.0825832,16.659
730,191365120,1769570722276,22:25:22.276,42.3448023,-71.0825832,16.659
731,191627264,1769570722675,22:25:22.675,42.3448023,-71.0825832,16.659
732,191889408,1769570723074,22:25:23.074,42.3448023,-71.0825832,16.659
733,192151552,1769570723406,22:25:23.406,42.3448023,-71.0825832,16.659
734,192413696,1769570723723,22:25:23.723,42.3448023,-71.0825832,16.659
735,192675840,1769570724069,22:25:24.069,42.3448023,-71.0825832,16.659
736,192937984,1769570724420,22:25:24.420,42.3448023,-71.0825832,16.659
737,193200128,1769570724928,22:25:24.928,42.3448023,-71.0825832,16.659
738,193462272,1769570725598,22:25:25.598,42.3448023,-71.0825832,16.659
739,193724416,1769570726066,22:25:26.066,42.3448023,-71.0825832,16.659
740,193986560,1769570726684,22:25:26.684,42.3448023,-71.0825832,16.659
741,194248704,1769570727175,22:25:27.175,42.3448023,-71.0825832,16.659
742,194510848,1769570727780,22:25:27.780,42.3448023,-71.0825832,16.659
743,194772992,1769570728297,22:25:28.297,42.3448023,-71.0825832,16.659
744,195035136,1769570728870,22:25:28.870,42.3448023,-71.0825832,16.659
745,195297280,1769570729489,22:25:29.489,42.3448023,-71.0825832,16.659
746,195559424,1769570730119,22:25:30.119,42.3448023,-71.0825832,16.659
747,195821568,1769570730940,22:25:30.940,42.3448023,-71.0825832,16.659
748,196083712,1769570731507,22:25:31.507,42.3448023,-71.0825832,16.659
749,196345856,1769570732199,22:25:32.199,42.3448023,-71.0825832,16.659
750,196608000,1769570732925,22:25:32.925,42.3448023,-71.0825832,16.659
751,196870144,1769570733451,22:25:33.451,42.3448023,-71.0825832,16.659
752,197132288,1769570733782,22:25:33.782,42.3448023,-71.0825832,16.659
753,197394432,1769570734132,22:25:34.132,42.3448023,-71.0825832,16.659
754,197656576,1769570734481,22:25:34.481,42.3448023,-71.0825832,16.659
755,197918720,1769570734835,22:25:34.835,42.3448023,-71.0825832,16.659
756,198180864,1769570735190,22:25:35.190,42.3448023,-71.0825832,16.659
757,198443008,1769570735571,22:25:35.571,42.3448023,-71.0825832,16.659
758,198705152,1769570735994,22:25:35.994,42.3448023,-71.0825832,16.659
759,198967296,1769570736415,22:25:36.415,42.3448023,-71.0825832,16.659
760,199229440,1769570736836,22:25:36.836,42.3448023,-71.0825832,16.659
761,199491584,1769570737243,22:25:37.243,42.3448023,-71.0825832,16.659
762,199753728,1769570737682,22:25:37.682,42.3448023,-71.0825832,16.659
763,200015872,1769570738128,22:25:38.128,42.3448023,-71.0825832,16.659
764,200278016,1769570738529,22:25:38.529,42.3448023,-71.0825832,16.659
765,200540160,1769570738930,22:25:38.930,42.3448023,-71.0825832,16.659
766,200802304,1769570739297,22:25:39.297,42.3448023,-71.0825832,16.659
767,201064448,1769570739645,22:25:39.645,42.3448023,-71.0825832,16.659
768,201326592,1769570739999,22:25:39.999,42.3448023,-71.0825832,16.659
769,201588736,1769570740353,22:25:40.353,42.3448023,-71.0825832,16.659
770,201850880,1769570740703,22:25:40.703,42.3448023,-71.0825832,16.659
771,202113024,1769570741053,22:25:41.053,42.3448023,-71.0825832,16.659
772,202375168,1769570741404,22:25:41.404,42.3448023,-71.0825832,16.659
773,202637312,1769570741756,22:25:41.756,42.3448023,-71.0825832,16.659
774,202899456,1769570742107,22:25:42.107,42.3448023,-71.0825832,16.659
775,203161600,1769570742456,22:25:42.456,42.3448023,-71.0825832,16.659
776,203423744,1769570742815,22:25:42.815,42.3448023,-71.0825832,16.659
777,203685888,1769570743198,22:25:43.198,42.3448023,-71.0825832,16.659
778,203948032,1769570743637,22:25:43.637,42.3448023,-71.0825832,16.659
779,204210176,1769570743998,22:25:43.998,42.3448023,-71.0825832,16.659
780,204472320,1769570744430,22:25:44.430,42.3448023,-71.0825832,16.659
781,204734464,1769570744780,22:25:44.780,42.3448023,-71.0825832,16.659
782,204996608,1769570745129,22:25:45.129,42.3448023,-71.0825832,16.659
783,205258752,1769570745493,22:25:45.493,42.3448023,-71.0825832,16.659
784,205520896,1769570745878,22:25:45.878,42.3448023,-71.0825832,16.659
785,205783040,1769570746377,22:25:46.377,42.3448023,-71.0825832,16.659
786,206045184,1769570746789,22:25:46.789,42.3448023,-71.0825832,16.659
787,206307328,1769570747180,22:25:47.180,42.3448023,-71.0825832,16.659
788,206569472,1769570747835,22:25:47.835,42.3448023,-71.0825832,16.659
789,206831616,1769570748524,22:25:48.524,42.3448023,-71.0825832,16.659
790,207093760,1769570749023,22:25:49.023,42.3448023,-71.0825832,16.659
791,207355904,1769570749641,22:25:49.641,42.3448023,-71.0825832,16.659
792,207618048,1769570750347,22:25:50.347,42.3448023,-71.0825832,16.659
793,207880192,1769570751018,22:25:51.018,42.3448023,-71.0825832,16.659
794,208142336,1769570751568,22:25:51.568,42.3448023,-71.0825832,16.659
795,208404480,1769570752404,22:25:52.404,42.3448023,-71.0825832,16.659
796,208666624,1769570752982,22:25:52.982,42.3448023,-71.0825832,16.659
797,208928768,1769570753597,22:25:53.597,42.3448023,-71.0825832,16.659
798,209190912,1769570754458,22:25:54.458,42.3448023,-71.0825832,16.659
799,209453056,1769570755060,22:25:55.060,42.3448023,-71.0825832,16.659
800,209715200,1769570755457,22:25:55.457,42.3448023,-71.0825832,16.659
801,209977344,1769570755869,22:25:55.869,42.3448023,-71.0825832,16.659
802,210239488,1769570756298,22:25:56.298,42.3448023,-71.0825832,16.659
803,210501632,1769570756829,22:25:56.829,42.3448023,-71.0825832,16.659
804,210763776,1769570757400,22:25:57.400,42.3448023,-71.0825832,16.659
805,211025920,1769570757899,22:25:57.899,42.3448023,-71.0825832,16.659
806,211288064,1769570758520,22:25:58.520,42.3448023,-71.0825832,16.659
807,211550208,1769570759001,22:25:59.001,42.3448023,-71.0825832,16.659
808,211812352,1769570759324,22:25:59.324,42.3448023,-71.0825832,16.659
809,212074496,1769570759825,22:25:59.825,42.3448023,-71.0825832,16.659
810,212336640,1769570760297,22:26:00.297,42.3448023,-71.0825832,16.659
811,212598784,1769570760756,22:26:00.756,42.3448023,-71.0825832,16.659
812,212860928,1769570761193,22:26:01.193,42.3448023,-71.0825832,16.659
813,213123072,1769570761672,22:26:01.672,42.3448023,-71.0825832,16.659
814,213385216,1769570762117,22:26:02.117,42.3448023,-71.0825832,16.659
815,213647360,1769570762586,22:26:02.586,42.3448023,-71.0825832,16.659
816,213909504,1769570763068,22:26:03.068,42.3448023,-71.0825832,16.659
817,214171648,1769570763501,22:26:03.501,42.3448023,-71.0825832,16.659
818,214433792,1769570763849,22:26:03.849,42.3448023,-71.0825832,16.659
819,214695936,1769570764467,22:26:04.467,42.3448023,-71.0825832,16.659
820,214958080,1769570765142,22:26:05.142,42.3448023,-71.0825832,16.659
821,215220224,1769570765753,22:26:05.753,42.3448023,-71.0825832,16.659
822,215482368,1769570766419,22:26:06.419,42.3448023,-71.0825832,16.659
823,215744512,1769570766841,22:26:06.841,42.3448023,-71.0825832,16.659
824,216006656,1769570767426,22:26:07.426,42.3448023,-71.0825832,16.659
825,216268800,1769570768077,22:26:08.077,42.3448023,-71.0825832,16.659
826,216530944,1769570768606,22:26:08.606,42.3448023,-71.0825832,16.659
827,216793088,1769570769252,22:26:09.252,42.3448023,-71.0825832,16.659
828,217055232,1769570769748,22:26:09.748,42.3448023,-71.0825832,16.659
829,217317376,1769570770320,22:26:10.320,42.3448023,-71.0825832,16.659
830,217579520,1769570770847,22:26:10.847,42.3448023,-71.0825832,16.659
831,217841664,1769570771523,22:26:11.523,42.3448023,-71.0825832,16.659
832,218103808,1769570772158,22:26:12.158,42.3448023,-71.0825832,16.659
833,218365952,1769570772685,22:26:12.685,42.3448023,-71.0825832,16.659
834,218628096,1769570773097,22:26:13.097,42.3448023,-71.0825832,16.659
835,218890240,1769570773542,22:26:13.542,42.3448023,-71.0825832,16.659
836,219152384,1769570774071,22:26:14.071,42.3448023,-71.0825832,16.659
837,219414528,1769570774614,22:26:14.614,42.3448023,-71.0825832,16.659
838,219676672,1769570775126,22:26:15.126,42.3448023,-71.0825832,16.659
839,219938816,1769570775601,22:26:15.601,42.3448023,-71.0825832,16.659
840,220200960,1769570776138,22:26:16.138,42.3448023,-71.0825832,16.659
841,220463104,1769570776643,22:26:16.643,42.3448023,-71.0825832,16.659
842,220725248,1769570777154,22:26:17.154,42.3448023,-71.0825832,16.659
843,220987392,1769570777679,22:26:17.679,42.3448023,-71.0825832,16.659
844,221249536,1769570778239,22:26:18.239,42.3448023,-71.0825832,16.659
845,221511680,1769570778760,22:26:18.760,42.3448023,-71.0825832,16.659
846,221773824,1769570779200,22:26:19.200,42.3448023,-71.0825832,16.659
847,222035968,1769570779689,22:26:19.689,42.3448023,-71.0825832,16.659
848,222298112,1769570780103,22:26:20.103,42.3448023,-71.0825832,16.659
849,222560256,1769570780510,22:26:20.510,42.3448023,-71.0825832,16.659
850,222822400,1769570780885,22:26:20.885,42.3448023,-71.0825832,16.659
851,223084544,1769570781249,22:26:21.249,42.3448023,-71.0825832,16.659
852,223346688,1769570781601,22:26:21.601,42.3448023,-71.0825832,16.659
853,223608832,1769570781951,22:26:21.951,42.3448023,-71.0825832,16.659
854,223870976,1769570782302,22:26:22.302,42.3448023,-71.0825832,16.659
855,224133120,1769570782677,22:26:22.677,42.3448023,-71.0825832,16.659
856,224395264,1769570783032,22:26:23.032,42.3448023,-71.0825832,16.659
857,224657408,1769570783480,22:26:23.480,42.3448023,-71.0825832,16.659
858,224919552,1769570783830,22:26:23.830,42.3448023,-71.0825832,16.659
859,225181696,1769570784180,22:26:24.180,42.3448023,-71.0825832,16.659
860,225443840,1769570784529,22:26:24.529,42.3448023,-71.0825832,16.659
861,225705984,1769570784882,22:26:24.882,42.3448023,-71.0825832,16.659
862,225968128,1769570785232,22:26:25.232,42.3448023,-71.0825832,16.659
863,226230272,1769570785582,22:26:25.582,42.3448023,-71.0825832,16.659
864,226492416,1769570785932,22:26:25.932,42.3448023,-71.0825832,16.659
865,226754560,1769570786310,22:26:26.310,42.3448023,-71.0825832,16.659
866,227016704,1769570786965,22:26:26.965,42.3448023,-71.0825832,16.659
867,227278848,1769570787536,22:26:27.536,42.3448023,-71.0825832,16.659
868,227540992,1769570788072,22:26:28.072,42.3448023,-71.0825832,16.659
869,227803136,1769570788747,22:26:28.747,42.3448023,-71.0825832,16.659
870,228065280,1769570789217,22:26:29.217,42.3448023,-71.0825832,16.659
871,228327424,1769570789778,22:26:29.778,42.3448023,-71.0825832,16.659
872,228589568,1769570790281,22:26:30.281,42.3448023,-71.0825832,16.659
873,228851712,1769570790885,22:26:30.885,42.3448023,-71.0825832,16.659
874,229113856,1769570791538,22:26:31.538,42.3448023,-71.0825832,16.659
875,229376000,1769570791969,22:26:31.969,42.3448023,-71.0825832,16.659
876,229638144,1769570792483,22:26:32.483,42.3448023,-71.0825832,16.659
877,229900288,1769570793299,22:26:33.299,42.3448023,-71.0825832,16.659
878,230162432,1769570793762,22:26:33.762,42.3448023,-71.0825832,16.659
879,230424576,1769570794277,22:26:34.277,42.3448023,-71.0825832,16.659
880,230686720,1769570794661,22:26:34.661,42.3448023,-71.0825832,16.659
881,230948864,1769570795022,22:26:35.022,42.3448023,-71.0825832,16.659
882,231211008,1769570795408,22:26:35.408,42.3448023,-71.0825832,16.659
883,231473152,1769570795720,22:26:35.720,42.3448023,-71.0825832,16.659
884,231735296,1769570796070,22:26:36.070,42.3448023,-71.0825832,16.659
885,231997440,1769570796491,22:26:36.491,42.3448023,-71.0825832,16.659
886,232259584,1769570796897,22:26:36.897,42.3448023,-71.0825832,16.659
887,232521728,1769570797248,22:26:37.248,42.3448023,-71.0825832,16.659
888,232783872,1769570797655,22:26:37.655,42.3448023,-71.0825832,16.659
889,233046016,1769570798007,22:26:38.007,42.3448023,-71.0825832,16.659
890,233308160,1769570798376,22:26:38.376,42.3448023,-71.0825832,16.659
891,233570304,1769570798801,22:26:38.801,42.3448023,-71.0825832,16.659
892,233832448,1769570799220,22:26:39.220,42.3448023,-71.0825832,16.659
893,234094592,1769570799738,22:26:39.738,42.3448023,-71.0825832,16.659
894,234356736,1769570800197,22:26:40.197,42.3448023,-71.0825832,16.659
895,234618880,1769570800855,22:26:40.855,42.3448023,-71.0825832,16.659
896,234881024,1769570801418,22:26:41.418,42.3448023,-71.0825832,16.659
897,235143168,1769570802001,22:26:42.001,42.3448023,-71.0825832,16.659
898,235405312,1769570802510,22:26:42.510,42.3448023,-71.0825832,16.659
899,235667456,1769570802930,22:26:42.930,42.3448023,-71.0825832,16.659
900,235929600,1769570803334,22:26:43.334,42.3448023,-71.0825832,16.659
901,236191744,1769570803902,22:26:43.902,42.3448023,-71.0825832,16.659
902,236453888,1769570804361,22:26:44.361,42.3448023,-71.0825832,16.659
903,236716032,1769570804854,22:26:44.854,42.3448023,-71.0825832,16.659
904,236978176,1769570805262,22:26:45.262,42.3448023,-71.0825832,16.659
905,237240320,1769570805625,22:26:45.625,42.3448023,-71.0825832,16.659
906,237502464,1769570806072,22:26:46.072,42.3448023,-71.0825832,16.659
907,237764608,1769570806547,22:26:46.547,42.3448023,-71.0825832,16.659
908,238026752,1769570806914,22:26:46.914,42.3448023,-71.0825832,16.659
909,238288896,1769570807377,22:26:47.377,42.3448023,-71.0825832,16.659
910,238551040,1769570807741,22:26:47.741,42.3448023,-71.0825832,16.659
911,238813184,1769570808091,22:26:48.091,42.3448023,-71.0825832,16.659
912,239075328,1769570808455,22:26:48.455,42.3448023,-71.0825832,16.659
913,239337472,1769570808790,22:26:48.790,42.3448023,-71.0825832,16.659
914,239599616,1769570809139,22:26:49.139,42.3448023,-71.0825832,16.659
915,239861760,1769570809491,22:26:49.491,42.3448023,-71.0825832,16.659
916,240123904,1769570809840,22:26:49.840,42.3448023,-71.0825832,16.659
917,240386048,1769570810192,22:26:50.192,42.3448023,-71.0825832,16.659
918,240648192,1769570810541,22:26:50.541,42.3448023,-71.0825832,16.659
919,240910336,1769570810894,22:26:50.894,42.3448023,-71.0825832,16.659
920,241172480,1769570811252,22:26:51.252,42.3448023,-71.0825832,16.659
921,241434624,1769570811599,22:26:51.599,42.3448023,-71.0825832,16.659
922,241696768,1769570811949,22:26:51.949,42.3448023,-71.0825832,16.659
923,241958912,1769570812302,22:26:52.302,42.3448023,-71.0825832,16.659
924,242221056,1769570812652,22:26:52.652,42.3448023,-71.0825832,16.659
925,242483200,1769570813002,22:26:53.002,42.3448023,-71.0825832,16.659
926,242745344,1769570813373,22:26:53.373,42.3448023,-71.0825832,16.659
927,243007488,1769570813787,22:26:53.787,42.3448023,-71.0825832,16.659
928,243269632,1769570814246,22:26:54.246,42.3448023,-71.0825832,16.659
929,243531776,1769570814765,22:26:54.765,42.3448023,-71.0825832,16.659
930,243793920,1769570815417,22:26:55.417,42.3448023,-71.0825832,16.659
931,244056064,1769570815911,22:26:55.911,42.3448023,-71.0825832,16.659
932,244318208,1769570816466,22:26:56.466,42.3448023,-71.0825832,16.659
933,244580352,1769570817016,22:26:57.016,42.3448023,-71.0825832,16.659
934,244842496,1769570817440,22:26:57.440,42.3448023,-71.0825832,16.659
935,245104640,1769570818033,22:26:58.033,42.3448023,-71.0825832,16.659
936,245366784,1769570818635,22:26:58.635,42.3448023,-71.0825832,16.659
937,245628928,1769570819104,22:26:59.104,42.3448023,-71.0825832,16.659
938,245891072,1769570819456,22:26:59.456,42.3448023,-71.0825832,16.659
939,246153216,1769570819829,22:26:59.829,42.3448023,-71.0825832,16.659
940,246415360,1769570820157,22:27:00.157,42.3448023,-71.0825832,16.659
941,246677504,1769570820508,22:27:00.508,42.3448023,-71.0825832,16.659
942,246939648,1769570820860,22:27:00.860,42.3448023,-71.0825832,16.659
943,247201792,1769570821208,22:27:01.208,42.3448023,-71.0825832,16.659
944,247463936,1769570821560,22:27:01.560,42.3448023,-71.0825832,16.659
945,247726080,1769570821908,22:27:01.908,42.3448023,-71.0825832,16.659
946,247988224,1769570822293,22:27:02.293,42.3448023,-71.0825832,16.659
947,248250368,1769570822611,22:27:02.611,42.3448023,-71.0825832,16.659
948,248512512,1769570822961,22:27:02.961,42.3448023,-71.0825832,16.659
949,248774656,1769570823312,22:27:03.312,42.3448023,-71.0825832,16.659
950,249036800,1769570823659,22:27:03.659,42.3448023,-71.0825832,16.659
951,249298944,1769570824009,22:27:04.009,42.3448023,-71.0825832,16.659
952,249561088,1769570824360,22:27:04.360,42.3448023,-71.0825832,16.659
953,249823232,1769570824712,22:27:04.712,42.3448023,-71.0825832,16.659
954,250085376,1769570825120,22:27:05.120,42.3448023,-71.0825832,16.659
955,250347520,1769570825528,22:27:05.528,42.3448023,-71.0825832,16.659
956,250609664,1769570825910,22:27:05.910,42.3448023,-71.0825832,16.659
957,250871808,1769570826294,22:27:06.294,42.3448023,-71.0825832,16.659
958,251133952,1769570826644,22:27:06.644,42.3448023,-71.0825832,16.659
959,251396096,1769570826995,22:27:06.995,42.3448023,-71.0825832,16.659
960,251658240,1769570827376,22:27:07.376,42.3448023,-71.0825832,16.659
961,251920384,1769570827796,22:27:07.796,42.3448023,-71.0825832,16.659
962,252182528,1769570828164,22:27:08.164,42.3448023,-71.0825832,16.659
963,252444672,1769570828511,22:27:08.511,42.3448023,-71.0825832,16.659
964,252706816,1769570828875,22:27:08.875,42.3448023,-71.0825832,16.659
965,252968960,1769570829182,22:27:09.182,42.3448023,-71.0825832,16.659
966,253231104,1769570829533,22:27:09.533,42.3448023,-71.0825832,16.659
967,253493248,1769570829983,22:27:09.983,42.3448023,-71.0825832,16.659
968,253755392,1769570830485,22:27:10.485,42.3448023,-71.0825832,16.659
969,254017536,1769570830946,22:27:10.946,42.3448023,-71.0825832,16.659
970,254279680,1769570831443,22:27:11.443,42.3448023,-71.0825832,16.659
971,254541824,1769570832009,22:27:12.009,42.3448023,-71.0825832,16.659
972,254803968,1769570832404,22:27:12.404,42.3448023,-71.0825832,16.659
973,255066112,1769570832911,22:27:12.911,42.3448023,-71.0825832,16.659
974,255328256,1769570833431,22:27:13.431,42.3448023,-71.0825832,16.659
975,255590400,1769570833943,22:27:13.943,42.3448023,-71.0825832,16.659
976,255852544,1769570834556,22:27:14.556,42.3448023,-71.0825832,16.659
977,256114688,1769570835004,22:27:15.004,42.3448023,-71.0825832,16.659
978,256376832,1769570835549,22:27:15.549,42.3448023,-71.0825832,16.659
979,256638976,1769570836022,22:27:16.022,42.3448023,-71.0825832,16.659
980,256901120,1769570836575,22:27:16.575,42.3448023,-71.0825832,16.659
981,257163264,1769570837054,22:27:17.054,42.3448023,-71.0825832,16.659
982,257425408,1769570837531,22:27:17.531,42.3448023,-71.0825832,16.659
983,257687552,1769570838142,22:27:18.142,42.3448023,-71.0825832,16.659
984,257949696,1769570838643,22:27:18.643,42.3448023,-71.0825832,16.659
985,258211840,1769570838925,22:27:18.925,42.3448023,-71.0825832,16.659
986,258473984,1769570839276,22:27:19.276,42.3448023,-71.0825832,16.659
987,258736128,1769570839628,22:27:19.628,42.3448023,-71.0825832,16.659
988,258998272,1769570839980,22:27:19.980,42.3448023,-71.0825832,16.659
989,259260416,1769570840347,22:27:20.347,42.3448023,-71.0825832,16.659
990,259522560,1769570840733,22:27:20.733,42.3448023,-71.0825832,16.659
991,259784704,1769570841131,22:27:21.131,42.3448023,-71.0825832,16.659
992,260046848,1769570841477,22:27:21.477,42.3448023,-71.0825832,16.659
993,260308992,1769570841829,22:27:21.829,42.3448023,-71.0825832,16.659
994,260571136,1769570842181,22:27:22.181,42.3448023,-71.0825832,16.659
995,260833280,1769570842539,22:27:22.539,42.3448023,-71.0825832,16.659
996,261095424,1769570842931,22:27:22.931,42.3448023,-71.0825832,16.659
997,261357568,1769570843322,22:27:23.322,42.3448023,-71.0825832,16.659
998,261619712,1769570843692,22:27:23.692,42.3448023,-71.0825832,16.659
999,261881856,1769570844262,22:27:24.262,42.3448023,-71.0825832,16.659
1000,262144000,1769570844953,22:27:24.953,42.3448023,-71.0825832,16.659
1001,262406144,1769570845721,22:27:25.721,42.3448023,-71.0825832,16.659
1002,262668288,1769570846468,22:27:26.468,42.3448023,-71.0825832,16.659
1003,262930432,1769570847257,22:27:27.257,42.3448023,-71.0825832,16.659
1004,263192576,1769570847808,22:27:27.808,42.3448023,-71.0825832,16.659
1005,263454720,1769570848287,22:27:28.287,42.3448023,-71.0825832,16.659
1006,263716864,1769570849265,22:27:29.265,42.3448023,-71.0825832,16.659
1007,263979008,1769570849852,22:27:29.852,42.3448023,-71.0825832,16.659
1008,264241152,1769570850374,22:27:30.374,42.3448023,-71.0825832,16.659
1009,264503296,1769570850930,22:27:30.930,42.3448023,-71.0825832,16.659
1010,264765440,1769570851359,22:27:31.359,42.3448023,-71.0825832,16.659
1011,265027584,1769570851730,22:27:31.730,42.3448023,-71.0825832,16.659
1012,265289728,1769570852106,22:27:32.106,42.3448023,-71.0825832,16.659
1013,265551872,1769570852832,22:27:32.832,42.3448023,-71.0825832,16.659
1014,265814016,1769570853459,22:27:33.459,42.3448023,-71.0825832,16.659
1015,266076160,1769570853959,22:27:33.959,42.3448023,-71.0825832,16.659
1016,266338304,1769570854394,22:27:34.394,42.3448023,-71.0825832,16.659
1017,266600448,1769570854886,22:27:34.886,42.3448023,-71.0825832,16.659
1018,266862592,1769570855362,22:27:35.362,42.3448023,-71.0825832,16.659
1019,267124736,1769570855813,22:27:35.813,42.3448023,-71.0825832,16.659
1020,267386880,1769570856367,22:27:36.367,42.3448023,-71.0825832,16.659
1021,267649024,1769570856858,22:27:36.858,42.3448023,-71.0825832,16.659
1022,267911168,1769570857459,22:27:37.459,42.3448023,-71.0825832,16.659
1023,268173312,1769570857911,22:27:37.911,42.3448023,-71.0825832,16.659
1024,268435456,1769570858544,22:27:38.544,42.3448023,-71.0825832,16.659
1025,268697600,1769570859162,22:27:39.162,42.3448023,-71.0825832,16.659
1026,268959744,1769570859592,22:27:39.592,42.3448023,-71.0825832,16.659
1027,269221888,1769570859961,22:27:39.961,42.3448023,-71.0825832,16.659
1028,269484032,1769570860311,22:27:40.311,42.3448023,-71.0825832,16.659
1029,269746176,1769570860828,22:27:40.828,42.3448023,-71.0825832,16.659
1030,270008320,1769570861343,22:27:41.343,42.3448023,-71.0825832,16.659
1031,270270464,1769570861737,22:27:41.737,42.3448023,-71.0825832,16.659
1032,270532608,1769570862144,22:27:42.144,42.3448023,-71.0825832,16.659
1033,270794752,1769570862497,22:27:42.497,42.3448023,-71.0825832,16.659
1034,271056896,1769570862846,22:27:42.846,42.3448023,-71.0825832,16.659
1035,271319040,1769570863197,22:27:43.197,42.3448023,-71.0825832,16.659
1036,271581184,1769570863550,22:27:43.550,42.3448023,-71.0825832,16.659
1037,271843328,1769570863868,22:27:43.868,42.3448023,-71.0825832,16.659
1038,272105472,1769570864206,22:27:44.206,42.3448023,-71.0825832,16.659
1039,272367616,1769570864558,22:27:44.558,42.3448023,-71.0825832,16.659
1040,272629760,1769570864909,22:27:44.909,42.3448023,-71.0825832,16.659
1041,272891904,1769570865259,22:27:45.259,42.3448023,-71.0825832,16.659
1042,273154048,1769570865608,22:27:45.608,42.3448023,-71.0825832,16.659
1043,273416192,1769570866095,22:27:46.095,42.3448023,-71.0825832,16.659
1044,273678336,1769570866623,22:27:46.623,42.3448023,-71.0825832,16.659
1045,273940480,1769570866974,22:27:46.974,42.3448023,-71.0825832,16.659
1046,274202624,1769570867323,22:27:47.323,42.3448023,-71.0825832,16.659
1047,274464768,1769570867674,22:27:47.674,42.3448023,-71.0825832,16.659
1048,274726912,1769570868025,22:27:48.025,42.3448023,-71.0825832,16.659
1049,274989056,1769570868395,22:27:48.395,42.3448023,-71.0825832,16.659
1050,275251200,1769570868728,22:27:48.728,42.3448023,-71.0825832,16.659
1051,275513344,1769570869079,22:27:49.079,42.3448023,-71.0825832,16.659
1052,275775488,1769570869443,22:27:49.443,42.3448023,-71.0825832,16.659
1053,276037632,1769570869843,22:27:49.843,42.3448023,-71.0825832,16.659
1054,276299776,1769570870206,22:27:50.206,42.3448023,-71.0825832,16.659
1055,276561920,1769570870557,22:27:50.557,42.3448023,-71.0825832,16.659
1056,276824064,1769570870952,22:27:50.952,42.3448023,-71.0825832,16.659
1057,277086208,1769570871301,22:27:51.301,42.3448023,-71.0825832,16.659
1058,277348352,1769570871653,22:27:51.653,42.3448023,-71.0825832,16.659
1059,277610496,1769570872005,22:27:52.005,42.3448023,-71.0825832,16.659
1060,277872640,1769570872356,22:27:52.356,42.3448023,-71.0825832,16.659
1061,278134784,1769570872707,22:27:52.707,42.3448023,-71.0825832,16.659
1062,278396928,1769570873130,22:27:53.130,42.3448023,-71.0825832,16.659
1063,278659072,1769570873504,22:27:53.504,42.3448023,-71.0825832,16.659
1064,278921216,1769570873854,22:27:53.854,42.3448023,-71.0825832,16.659
1065,279183360,1769570874204,22:27:54.204,42.3448023,-71.0825832,16.659
1066,279445504,1769570874552,22:27:54.552,42.3448023,-71.0825832,16.659
1067,279707648,1769570874903,22:27:54.903,42.3448023,-71.0825832,16.659
1068,279969792,1769570875528,22:27:55.528,42.3448023,-71.0825832,16.659
1069,280231936,1769570875993,22:27:55.993,42.3448023,-71.0825832,16.659
1070,280494080,1769570876716,22:27:56.716,42.3448023,-71.0825832,16.659
1071,280756224,1769570877652,22:27:57.652,42.3448023,-71.0825832,16.659
1072,281018368,1769570878289,22:27:58.289,42.3448023,-71.0825832,16.659
1073,281280512,1769570878933,22:27:58.933,42.3448023,-71.0825832,16.659
1074,281542656,1769570879783,22:27:59.783,42.3448023,-71.0825832,16.659
1075,281804800,1769570880520,22:28:00.520,42.3448023,-71.0825832,16.659
1076,282066944,1769570880984,22:28:00.984,42.3448023,-71.0825832,16.659
1077,282329088,1769570881709,22:28:01.709,42.3448023,-71.0825832,16.659
1078,282591232,1769570882282,22:28:02.282,42.3448023,-71.0825832,16.659
1079,282853376,1769570882975,22:28:02.975,42.3448023,-71.0825832,16.659
1080,283115520,1769570883755,22:28:03.755,42.3448023,-71.0825832,16.659
1081,283377664,1769570884291,22:28:04.291,42.3448023,-71.0825832,16.659
1082,283639808,1769570884739,22:28:04.739,42.3448023,-71.0825832,16.659
1083,283901952,1769570885261,22:28:05.261,42.3448023,-71.0825832,16.659
1084,284164096,1769570885685,22:28:05.685,42.3448023,-71.0825832,16.659
1085,284426240,1769570886055,22:28:06.055,42.3448023,-71.0825832,16.659
1086,284688384,1769570886531,22:28:06.531,42.3448023,-71.0825832,16.659
1087,284950528,1769570887066,22:28:07.066,42.3448023,-71.0825832,16.659
1088,285212672,1769570887524,22:28:07.524,42.3448023,-71.0825832,16.659
1089,285474816,1769570887967,22:28:07.967,42.3448023,-71.0825832,16.659
1090,285736960,1769570888569,22:28:08.569,42.3448023,-71.0825832,16.659
1091,285999104,1769570889048,22:28:09.048,42.3448023,-71.0825832,16.659
1092,286261248,1769570889507,22:28:09.507,42.3448023,-71.0825832,16.659
1093,286523392,1769570889874,22:28:09.874,42.3448023,-71.0825832,16.659
1094,286785536,1769570890227,22:28:10.227,42.3448023,-71.0825832,16.659
1095,287047680,1769570890574,22:28:10.574,42.3448023,-71.0825832,16.659
1096,287309824,1769570891077,22:28:11.077,42.3448023,-71.0825832,16.659
1097,287571968,1769570891594,22:28:11.594,42.3448023,-71.0825832,16.659
1098,287834112,1769570891890,22:28:11.890,42.3448023,-71.0825832,16.659
1099,288096256,1769570892238,22:28:12.238,42.3448023,-71.0825832,16.659
1100,288358400,1769570892646,22:28:12.646,42.3448023,-71.0825832,16.659
1101,288620544,1769570893167,22:28:13.167,42.3448023,-71.0825832,16.659
1102,288882688,1769570893582,22:28:13.582,42.3448023,-71.0825832,16.659
1103,289144832,1769570893955,22:28:13.955,42.3448023,-71.0825832,16.659
1104,289406976,1769570894349,22:28:14.349,42.3448023,-71.0825832,16.659
1105,289669120,1769570894792,22:28:14.792,42.3448023,-71.0825832,16.659
1106,289931264,1769570895334,22:28:15.334,42.3448023,-71.0825832,16.659
1107,290193408,1769570895771,22:28:15.771,42.3448023,-71.0825832,16.659
1108,290455552,1769570896156,22:28:16.156,42.3448023,-71.0825832,16.659
1109,290717696,1769570896559,22:28:16.559,42.3448023,-71.0825832,16.659
1110,290979840,1769570896937,22:28:16.937,42.3448023,-71.0825832,16.659
1111,291241984,1769570897570,22:28:17.570,42.3448023,-71.0825832,16.659
1112,291504128,1769570897992,22:28:17.992,42.3448023,-71.0825832,16.659
1113,291766272,1769570898414,22:28:18.414,42.3448023,-71.0825832,16.659
1114,292028416,1769570898807,22:28:18.807,42.3448023,-71.0825832,16.659
1115,292290560,1769570899178,22:28:19.178,42.3448023,-71.0825832,16.659
1116,292552704,1769570899653,22:28:19.653,42.3448023,-71.0825832,16.659
1117,292814848,1769570900073,22:28:20.073,42.3448023,-71.0825832,16.659
1118,293076992,1769570900449,22:28:20.449,42.3448023,-71.0825832,16.659
1119,293339136,1769570900966,22:28:20.966,42.3448023,-71.0825832,16.659
1120,293601280,1769570901382,22:28:21.382,42.3448023,-71.0825832,16.659
1121,293863424,1769570901678,22:28:21.678,42.3448023,-71.0825832,16.659
1122,294125568,1769570902030,22:28:22.030,42.3448023,-71.0825832,16.659
1123,294387712,1769570902380,22:28:22.380,42.3448023,-71.0825832,16.659
1124,294649856,1769570902728,22:28:22.728,42.3448023,-71.0825832,16.659
1125,294912000,1769570903125,22:28:23.125,42.3448023,-71.0825832,16.659
1126,295174144,1769570903462,22:28:23.462,42.3448023,-71.0825832,16.659
1127,295436288,1769570903809,22:28:23.809,42.3448023,-71.0825832,16.659
1128,295698432,1769570904182,22:28:24.182,42.3448023,-71.0825832,16.659
1129,295960576,1769570904700,22:28:24.700,42.3448023,-71.0825832,16.659
1130,296222720,1769570905177,22:28:25.177,42.3448023,-71.0825832,16.659
1131,296484864,1769570905720,22:28:25.720,42.3448023,-71.0825832,16.659
1132,296747008,1769570906241,22:28:26.241,42.3448023,-71.0825832,16.659
1133,297009152,1769570906660,22:28:26.660,42.3448023,-71.0825832,16.659
1134,297271296,1769570907204,22:28:27.204,42.3448023,-71.0825832,16.659
1135,297533440,1769570907574,22:28:27.574,42.3448023,-71.0825832,16.659
1136,297795584,1769570907962,22:28:27.962,42.3448023,-71.0825832,16.659
1137,298057728,1769570908376,22:28:28.376,42.3448023,-71.0825832,16.659
1138,298319872,1769570908759,22:28:28.759,42.3448023,-71.0825832,16.659
1139,298582016,1769570909142,22:28:29.142,42.3448023,-71.0825832,16.659
1140,298844160,1769570909572,22:28:29.572,42.3448023,-71.0825832,16.659
1141,299106304,1769570909976,22:28:29.976,42.3448023,-71.0825832,16.659
1142,299368448,1769570910327,22:28:30.327,42.3448023,-71.0825832,16.659
1143,299630592,1769570910679,22:28:30.679,42.3448023,-71.0825832,16.659
1144,299892736,1769570911027,22:28:31.027,42.3448023,-71.0825832,16.659
1145,300154880,1769570911378,22:28:31.378,42.3448023,-71.0825832,16.659
1146,300417024,1769570911792,22:28:31.792,42.3448023,-71.0825832,16.659
1147,300679168,1769570912217,22:28:32.217,42.3448023,-71.0825832,16.659
1148,300941312,1769570912646,22:28:32.646,42.3448023,-71.0825832,16.659
1149,301203456,1769570913085,22:28:33.085,42.3448023,-71.0825832,16.659
1150,301465600,1769570913662,22:28:33.662,42.3448023,-71.0825832,16.659
1151,301727744,1769570914190,22:28:34.190,42.3448023,-71.0825832,16.659
1152,301989888,1769570914798,22:28:34.798,42.3448023,-71.0825832,16.659
1153,302252032,1769570915304,22:28:35.304,42.3448023,-71.0825832,16.659
1154,302514176,1769570915731,22:28:35.731,42.3448023,-71.0825832,16.659
1155,302776320,1769570916147,22:28:36.147,42.3448023,-71.0825832,16.659
1156,303038464,1769570916752,22:28:36.752,42.3448023,-71.0825832,16.659
1157,303300608,1769570917162,22:28:37.162,42.3448023,-71.0825832,16.659
1158,303562752,1769570917459,22:28:37.459,42.3448023,-71.0825832,16.659
1159,303824896,1769570917812,22:28:37.812,42.3448023,-71.0825832,16.659
1160,304087040,1769570918163,22:28:38.163,42.3448023,-71.0825832,16.659
1161,304349184,1769570918528,22:28:38.528,42.3448023,-71.0825832,16.659
1162,304611328,1769570918847,22:28:38.847,42.3448023,-71.0825832,16.659
1163,304873472,1769570919197,22:28:39.197,42.3448023,-71.0825832,16.659
1164,305135616,1769570919548,22:28:39.548,42.3448023,-71.0825832,16.659
1165,305397760,1769570919899,22:28:39.899,42.3448023,-71.0825832,16.659
1166,305659904,1769570920249,22:28:40.249,42.3448023,-71.0825832,16.659
1167,305922048,1769570920601,22:28:40.601,42.3448023,-71.0825832,16.659
1168,306184192,1769570920949,22:28:40.949,42.3448023,-71.0825832,16.659
1169,306446336,1769570921299,22:28:41.299,42.3448023,-71.0825832,16.659
1170,306708480,1769570921737,22:28:41.737,42.3448023,-71.0825832,16.659
1171,306970624,1769570922423,22:28:42.423,42.3448023,-71.0825832,16.659
1172,307232768,1769570922922,22:28:42.922,42.3448023,-71.0825832,16.659
1173,307494912,1769570923478,22:28:43.478,42.3448023,-71.0825832,16.659
1174,307757056,1769570923955,22:28:43.955,42.3448023,-71.0825832,16.659
1175,308019200,1769570924350,22:28:44.350,42.3448023,-71.0825832,16.659
1176,308281344,1769570924729,22:28:44.729,42.3448023,-71.0825832,16.659
1177,308543488,1769570925104,22:28:45.104,42.3448023,-71.0825832,16.659
1178,308805632,1769570925519,22:28:45.519,42.3448023,-71.0825832,16.659
1179,309067776,1769570926026,22:28:46.026,42.3448023,-71.0825832,16.659
1180,309329920,1769570926441,22:28:46.441,42.3448023,-71.0825832,16.659
1181,309592064,1769570926836,22:28:46.836,42.3448023,-71.0825832,16.659
1182,309854208,1769570927275,22:28:47.275,42.3448023,-71.0825832,16.659
1183,310116352,1769570927609,22:28:47.609,42.3448023,-71.0825832,16.659
1184,310378496,1769570927965,22:28:47.965,42.3448023,-71.0825832,16.659
1185,310640640,1769570928351,22:28:48.351,42.3448023,-71.0825832,16.659
1186,310902784,1769570928713,22:28:48.713,42.3448023,-71.0825832,16.659
1187,311164928,1769570929077,22:28:49.077,42.3448023,-71.0825832,16.659
1188,311427072,1769570929429,22:28:49.429,42.3448023,-71.0825832,16.659
1189,311689216,1769570929780,22:28:49.780,42.3448023,-71.0825832,16.659
1190,311951360,1769570930130,22:28:50.130,42.3448023,-71.0825832,16.659
1191,312213504,1769570930488,22:28:50.488,42.3448023,-71.0825832,16.659
1192,312475648,1769570930832,22:28:50.832,42.3448023,-71.0825832,16.659
1193,312737792,1769570931180,22:28:51.180,42.3448023,-71.0825832,16.659
1194,312999936,1769570931538,22:28:51.538,42.3448023,-71.0825832,16.659
1195,313262080,1769570931914,22:28:51.914,42.3448023,-71.0825832,16.659
1196,313524224,1769570932296,22:28:52.296,42.3448023,-71.0825832,16.659
1197,313786368,1769570932758,22:28:52.758,42.3448023,-71.0825832,16.659
1198,314048512,1769570933153,22:28:53.153,42.3448023,-71.0825832,16.659
1199,314310656,1769570933584,22:28:53.584,42.3448023,-71.0825832,16.659
1200,314572800,1769570934103,22:28:54.103,42.3448023,-71.0825832,16.659
1201,314834944,1769570934870,22:28:54.870,42.3448023,-71.0825832,16.659
1202,315097088,1769570935399,22:28:55.399,42.3448023,-71.0825832,16.659
1203,315359232,1769570935918,22:28:55.918,42.3448023,-71.0825832,16.659
1204,315621376,1769570936429,22:28:56.429,42.3448023,-71.0825832,16.659
1205,315883520,1769570937229,22:28:57.229,42.3448023,-71.0825832,16.659
1206,316145664,1769570937796,22:28:57.796,42.3448023,-71.0825832,16.659
1207,316407808,1769570938282,22:28:58.282,42.3448023,-71.0825832,16.659
1208,316669952,1769570938643,22:28:58.643,42.3448023,-71.0825832,16.659
1209,316932096,1769570938964,22:28:58.964,42.3448023,-71.0825832,16.659
1210,317194240,1769570939377,22:28:59.377,42.3448023,-71.0825832,16.659
1211,317456384,1769570939853,22:28:59.853,42.3448023,-71.0825832,16.659
1212,317718528,1769570940343,22:29:00.343,42.3448023,-71.0825832,16.659
1213,317980672,1769570940829,22:29:00.829,42.3448023,-71.0825832,16.659
1214,318242816,1769570941255,22:29:01.255,42.3448023,-71.0825832,16.659
1215,318504960,1769570941751,22:29:01.751,42.3448023,-71.0825832,16.659
1216,318767104,1769570942199,22:29:02.199,42.3448023,-71.0825832,16.659
1217,319029248,1769570942642,22:29:02.642,42.3448023,-71.0825832,16.659
1218,319291392,1769570943086,22:29:03.086,42.3448023,-71.0825832,16.659
1219,319553536,1769570943499,22:29:03.499,42.3448023,-71.0825832,16.659
1220,319815680,1769570943849,22:29:03.849,42.3448023,-71.0825832,16.659
1221,320077824,1769570944205,22:29:04.205,42.3448023,-71.0825832,16.659
1222,320339968,1769570944632,22:29:04.632,42.3448023,-71.0825832,16.659
1223,320602112,1769570945206,22:29:05.206,42.3448023,-71.0825832,16.659
1224,320864256,1769570945778,22:29:05.778,42.3448023,-71.0825832,16.659
1225,321126400,1769570946255,22:29:06.255,42.3448023,-71.0825832,16.659
1226,321388544,1769570946712,22:29:06.712,42.3448023,-71.0825832,16.659
1227,321650688,1769570947318,22:29:07.318,42.3448023,-71.0825832,16.659
1228,321912832,1769570947841,22:29:07.841,42.3448023,-71.0825832,16.659
1229,322174976,1769570948218,22:29:08.218,42.3448023,-71.0825832,16.659
1230,322437120,1769570948669,22:29:08.669,42.3448023,-71.0825832,16.659
1231,322699264,1769570949272,22:29:09.272,42.3448023,-71.0825832,16.659
1232,322961408,1769570949760,22:29:09.760,42.3448023,-71.0825832,16.659
1233,323223552,1769570950164,22:29:10.164,42.3448023,-71.0825832,16.659
1234,323485696,1769570950642,22:29:10.642,42.3448023,-71.0825832,16.659
1235,323747840,1769570951137,22:29:11.137,42.3448023,-71.0825832,16.659
1236,324009984,1769570951523,22:29:11.523,42.3448023,-71.0825832,16.659
1237,324272128,1769570952053,22:29:12.053,42.3448023,-71.0825832,16.659
1238,324534272,1769570952525,22:29:12.525,42.3448023,-71.0825832,16.659
1239,324796416,1769570953158,22:29:13.158,42.3448023,-71.0825832,16.659
1240,325058560,1769570953581,22:29:13.581,42.3448023,-71.0825832,16.659
1241,325320704,1769570954102,22:29:14.102,42.3448023,-71.0825832,16.659
1242,325582848,1769570954591,22:29:14.591,42.3448023,-71.0825832,16.659
1243,325844992,1769570955181,22:29:15.181,42.3448023,-71.0825832,16.659
1244,326107136,1769570955766,22:29:15.766,42.3448023,-71.0825832,16.659
1245,326369280,1769570956449,22:29:16.449,42.3448023,-71.0825832,16.659
1246,326631424,1769570956937,22:29:16.937,42.3448023,-71.0825832,16.659
1247,326893568,1769570957514,22:29:17.514,42.3448023,-71.0825832,16.659
1248,327155712,1769570958044,22:29:18.044,42.3448023,-71.0825832,16.659
1249,327417856,1769570958614,22:29:18.614,42.3448023,-71.0825832,16.659
1250,327680000,1769570959084,22:29:19.084,42.3448023,-71.0825832,16.659
1251,327942144,1769570959455,22:29:19.455,42.3448023,-71.0825832,16.659
1252,328204288,1769570959822,22:29:19.822,42.3448023,-71.0825832,16.659
1253,328466432,1769570960197,22:29:20.197,42.3448023,-71.0825832,16.659
1254,328728576,1769570960575,22:29:20.575,42.3448023,-71.0825832,16.659
1255,328990720,1769570961058,22:29:21.058,42.3448023,-71.0825832,16.659
1256,329252864,1769570961589,22:29:21.589,42.3448023,-71.0825832,16.659
1257,329515008,1769570961812,22:29:21.812,42.3448023,-71.0825832,16.659
1258,329777152,1769570962120,22:29:22.120,42.3448023,-71.0825832,16.659
1259,330039296,1769570962551,22:29:22.551,42.3448023,-71.0825832,16.659
1260,330301440,1769570963051,22:29:23.051,42.3448023,-71.0825832,16.659
1261,330563584,1769570963492,22:29:23.492,42.3448023,-71.0825832,16.659
1262,330825728,1769570963939,22:29:23.939,42.3448023,-71.0825832,16.659
1263,331087872,1769570964483,22:29:24.483,42.3448023,-71.0825832,16.659
1264,331350016,1769570965007,22:29:25.007,42.3448023,-71.0825832,16.659
1265,331612160,1769570965450,22:29:25.450,42.3448023,-71.0825832,16.659
1266,331874304,1769570965801,22:29:25.801,42.3448023,-71.0825832,16.659
1267,332136448,1769570966157,22:29:26.157,42.3448023,-71.0825832,16.659
1268,332398592,1769570966520,22:29:26.520,42.3448023,-71.0825832,16.659
1269,332660736,1769570966872,22:29:26.872,42.3448023,-71.0825832,16.659
1270,332922880,1769570967221,22:29:27.221,42.3448023,-71.0825832,16.659
1271,333185024,1769570967574,22:29:27.574,42.3448023,-71.0825832,16.659
1272,333447168,1769570968007,22:29:28.007,42.3448023,-71.0825832,16.659
1273,333709312,1769570968431,22:29:28.431,42.3448023,-71.0825832,16.659
1274,333971456,1769570968779,22:29:28.779,42.3448023,-71.0825832,16.659
1275,334233600,1769570969129,22:29:29.129,42.3448023,-71.0825832,16.659
1276,334495744,1769570969704,22:29:29.704,42.3448023,-71.0825832,16.659
1277,334757888,1769570970106,22:29:30.106,42.3448023,-71.0825832,16.659
1278,335020032,1769570970653,22:29:30.653,42.3448023,-71.0825832,16.659
1279,335282176,1769570971295,22:29:31.295,42.3448023,-71.0825832,16.659
1280,335544320,1769570971745,22:29:31.745,42.3448023,-71.0825832,16.659
1281,335806464,1769570972254,22:29:32.254,42.3448023,-71.0825832,16.659
1282,336068608,1769570972640,22:29:32.640,42.3448023,-71.0825832,16.659
1283,336330752,1769570973020,22:29:33.020,42.3448023,-71.0825832,16.659
1284,336592896,1769570973667,22:29:33.667,42.3448023,-71.0825832,16.659
1285,336855040,1769570974331,22:29:34.331,42.3448023,-71.0825832,16.659
1286,337117184,1769570974882,22:29:34.882,42.3448023,-71.0825832,16.659
1287,337379328,1769570975699,22:29:35.699,42.3448023,-71.0825832,16.659
1288,337641472,1769570976441,22:29:36.441,42.3448023,-71.0825832,16.659
1289,337903616,1769570977049,22:29:37.049,42.3448023,-71.0825832,16.659
1290,338165760,1769570977752,22:29:37.752,42.3448023,-71.0825832,16.659
1291,338427904,1769570978245,22:29:38.245,42.3448023,-71.0825832,16.659
1292,338690048,1769570978757,22:29:38.757,42.3448023,-71.0825832,16.659
1293,338952192,1769570979200,22:29:39.200,42.3448023,-71.0825832,16.659
1294,339214336,1769570979504,22:29:39.504,42.3448023,-71.0825832,16.659
1295,339476480,1769570979949,22:29:39.949,42.3448023,-71.0825832,16.659
1296,339738624,1769570980457,22:29:40.457,42.3448023,-71.0825832,16.659
1297,340000768,1769570980865,22:29:40.865,42.3448023,-71.0825832,16.659
1298,340262912,1769570981322,22:29:41.322,42.3448023,-71.0825832,16.659
1299,340525056,1769570981746,22:29:41.746,42.3448023,-71.0825832,16.659
1300,340787200,1769570982029,22:29:42.029,42.3448023,-71.0825832,16.659
1301,341049344,1769570982380,22:29:42.380,42.3448023,-71.0825832,16.659
1302,341311488,1769570982852,22:29:42.852,42.3448023,-71.0825832,16.659
1303,341573632,1769570983304,22:29:43.304,42.3448023,-71.0825832,16.659
1304,341835776,1769570983667,22:29:43.667,42.3448023,-71.0825832,16.659
1305,342097920,1769570984032,22:29:44.032,42.3448023,-71.0825832,16.659
1306,342360064,1769570984403,22:29:44.403,42.3448023,-71.0825832,16.659
1307,342622208,1769570984845,22:29:44.845,42.3448023,-71.0825832,16.659
1308,342884352,1769570985214,22:29:45.214,42.3448023,-71.0825832,16.659
